



                              STATION NAME : ALLAI TANK              
                              LAT:  8.40N    LON: 81.32E    ELEV:    6.1M
                              ELEMENT : Precip,Total Mly in Millimeters         
                              Missing data values are coded as -9.9M 
 
  YEAR     JAN      FEB      MAR      APR      MAY      JUN      JUL      AUG      SEP      OCT      NOV      DEC
 
  1879    -9.9M    -9.9M   180.0       .0      7.6       .0    272.8    109.0     69.8    389.4     -9.9M   372.9 
  1880   223.2    134.6    170.1     36.6     30.4       .0       .0    190.2    144.6    367.8    483.9    493.7 
  1881   323.3     91.3       .0     16.5     91.2    137.0       .0    171.0    187.3    395.7    601.1    713.7 
  1882    82.1     16.3     63.5     27.9     70.9    185.2       .0    197.7    164.9     78.6    551.9    751.2 
  1883   329.5    368.1       .0       .0    129.4    243.6     76.1    157.3     20.3    209.2    700.5     -9.9M
  1884      .0       .0       .0       .0     35.4       .0     38.0    172.4     63.4    351.1    280.1    390.8 
  1885   107.8     12.7     39.2       .0     45.6     12.7       .0     12.7    190.0    395.3    400.5    626.5 
  1886   206.6     68.2       .0     19.0    180.1     40.4     93.8    215.7    164.9     60.7    268.7    365.0 
  1887    40.4     32.9      5.0     85.9     26.6     45.6      8.8    294.3     25.3    215.5    179.8   1355.5 
  1888      .0       .0       .0     72.3    299.1      6.3     64.6    111.6     55.7    248.7    343.3    452.7 
  1889   105.3      5.0    154.9     82.4     43.1       .0     24.1    101.5    275.3     68.2    177.4    236.0 
  1890    -9.9M    -9.9M    -9.9M    -9.9M    -9.9M    -9.9M      .0    199.1     75.9    100.1    469.3    377.0 
  1891   171.2    187.8      5.0      5.0     49.4       .0       .0     12.7    138.3    328.4    119.1   1153.4 
  1892   396.8    249.9       .0     63.4     48.2    114.3    101.5    170.0     53.2    151.3    237.9    110.2 
  1893    90.0     43.1    348.8     57.0    171.1     53.2    177.6       .0     12.7    183.5    468.3    144.2 
  1894   124.2      4.5    154.7     60.8     30.4     50.7     50.7     98.9    105.2    395.6    288.0    541.7 
  1895   106.5       .0       .0     75.6     58.3       .0       .0    161.2    139.5    188.3    373.6    896.0 
  1896   531.6     -9.9M    13.9       .0     74.8     36.7     58.4      2.5     73.6    365.5    704.9    909.8 
  1897   256.2    109.1      2.5    137.0     69.7     17.7       .0    121.8    248.5     55.8    277.0   1143.2 
  1898   623.0     43.1     39.3    174.9     75.9       .0     38.0    104.0    129.3    211.6    664.6    850.1 
  1899   270.2       .0    109.0    164.8       .0       .0     82.5     50.8    143.4    454.0   1284.5    425.9 
  1900   107.5     30.4       .0    122.2     41.4       .0     98.9     18.9    366.3    211.6    532.0    237.5 
  1901    77.3    100.9    125.8     24.4    182.5       .0     79.4     56.3    387.9    208.6    543.5    135.0 
  1902   355.6     51.0     90.2      2.0      4.8     10.4       .0     64.1     20.2    163.1    931.0    494.2 
  1903   179.9    140.7       .0     10.8    143.4      6.6     17.1     78.2    310.0    182.2    113.0    323.9 
  1904   569.1     41.9     45.7     17.6     98.6       .0     61.0       .0     16.4    205.2    227.9    427.9 
  1905    76.4     16.1      4.2    203.7     52.0      8.1      8.2     30.5     31.3    176.9    494.5    125.6 
  1906    33.8      2.5     12.1     11.9     37.3     24.1    174.3    240.5    186.1    136.7    594.0    355.7 
  1907   192.8    100.9     30.7     62.3      7.3       .0     57.8     24.8    257.0    284.0    611.6    232.1 
  1908   129.8    197.6     14.9      5.5     40.8       .0     35.0    109.9     47.7    230.4     33.7    342.7 
  1909    71.4     46.3     38.1     48.8      7.9       .0      1.2    430.6     33.8    145.0     63.5    239.2 
  1910   144.7     77.4       .0     21.8     56.2    115.7    120.0    297.1    195.7    279.6    597.8    393.2 
  1911    78.6     11.4     26.5       .0     21.5     86.4      2.5    137.4    206.2    279.5    722.9    727.0 
  1912     8.8       .0     40.3    105.4     86.1      3.0     99.8     60.1     79.0    200.8    312.3    206.5 
  1913   863.1     35.3     13.9     52.7     14.6       .0     39.7     26.7     55.6    246.6    527.7    523.3 
  1914    65.4     17.3     52.0     11.3     13.9      2.0      2.5     56.3     88.2    421.4    407.6    422.9 
  1915   183.8     17.2     35.0     83.8     31.6       .0     12.3       .0     67.0    101.2    213.7    383.8 
  1916     1.0     10.1     15.4     31.2    239.5       .0    161.0     83.1     39.2    131.3    221.5    113.8 
  1917   410.4    194.4    111.1     21.7     64.0     17.9      1.2    184.0    208.9     55.2    227.6    353.0 
  1918   382.3     30.8     27.2     19.6     19.9      9.9       .0       .0     69.4    367.1    212.9    359.3 
  1919   158.4     16.4     69.9       .0    106.1     48.5     31.6      1.0    140.3    134.4    287.1    779.8 
  1920    54.2      5.3     36.7     87.4     31.5       .0       .0     35.7     26.7     61.1    632.8    236.5 
  1921   799.7       .0       .0     52.5       .0     70.6    130.9      4.8      5.8    251.8    342.7    780.7 
  1922    53.8    127.0       .0     81.2    125.3      1.5       .0     31.1     58.4    488.7    357.6    196.8 
  1923   428.9      9.9     55.9      1.0       .0       .0       .0      6.6      5.5    296.6    376.6    717.9 
  1924   204.3      6.3    243.3     39.4      9.3       .0     20.5    118.9    124.1     64.6    175.2    323.5 
  1925   286.5    120.4    195.7     90.8     48.4     31.7      3.8     85.0     19.7    130.9    459.4    361.5 
  1926   386.8     21.5     22.8      8.1    175.4     22.1      3.7     36.5    213.4    281.6    481.1    220.5 
  1927   153.8    110.6    288.7     57.6    172.2     79.4       .0     41.3    119.6     85.0    378.3    183.5 
  1928   211.8    139.7     42.2     47.5     33.8       .0    123.0    160.7     43.2    166.6    730.4    277.1 
  1929    49.4     91.1    114.4    140.0    140.3       .0     38.8    152.6     92.7    209.2    341.7    404.3 
  1930   507.5     53.2     29.1     70.2    260.4      5.0     25.7    106.6     10.5    488.3    273.9     58.4 
  1931   531.8     60.7       .0     84.9     23.2       .0     68.2       .0     10.0    109.5    330.3    439.7 
  1932    83.8     40.1     36.9      3.7     78.7     74.0     49.2    136.9     30.1    443.0    253.5    289.7 
  1933   398.6     36.4     25.6     66.6    107.9       .0      1.0    144.6     60.3    233.5    325.9    428.0 
  1934   358.3    119.5     83.5     93.7     44.2      9.3     27.0     18.9    100.7    242.1    304.7    185.5 
  1935    50.4     31.4      5.5     28.6     27.4     29.7       .0    171.0     67.9    215.3    423.0    660.0 
  1936   185.6     52.6    112.2      3.5     60.3      2.0    147.5    120.3     88.4    190.0    214.5    833.2 
  1937   398.1    299.7     50.6     66.2     25.6       .0      4.7    145.3    109.0    155.4    391.2    145.8 
  1938   275.6    335.6    176.6    143.0       .0     36.8     51.1     70.8     60.0    234.4    101.9    187.7 
  1939   196.5     96.8       .5    103.1       .0      8.8      9.9     48.8     11.0    334.4    449.8    346.7 
  1940      .0     91.8      3.8     64.6    180.2     46.3     73.3      2.2    119.6    294.0    382.6    540.2 
  1941   206.6    181.4     10.9    120.2     25.0       .0     55.0     16.6    241.3    316.7    596.4    278.6 
  1942   132.8     34.6     66.9    204.1     80.3       .0     40.1     64.1    140.8    145.7    226.6    424.2 
  1943   110.2    113.9     53.9     96.3    158.8       .0     11.9       .0     10.5    241.4    256.4    235.4 
  1944    87.4    372.3    221.9     10.9     45.5     20.7       .0     69.6    126.1     98.4    326.1    182.7 
  1945     6.9     83.1    126.1    134.6     31.3      3.8      5.0    121.8      5.3    338.6    477.9    145.4 
  1946   237.5      3.0    112.5    146.3     86.3     32.4     44.9    166.6     38.0    420.9    338.3    905.1 
  1947   428.1    164.9     46.2     59.2     31.6       .0     50.9    120.4    177.6    318.2     90.6    694.6 
  1948   150.6       .0     27.3     62.2       .0       .0      2.5     37.1       .0    243.9    322.3   1090.0 
  1949   122.1      5.8       .0     95.3    141.7       .0    101.4     63.2     41.9    132.9    250.5    705.9 
  1950    83.6    117.9     20.3     25.3     65.8       .0       .0     77.0     38.8    306.8    307.2    341.2 
  1951   478.0    181.2     27.3     83.0     88.0       .0     94.1     56.0     79.0     99.2    517.5    149.7 
  1952   452.6     53.0       .0    164.6     41.8       .0     48.1     38.0     73.7     24.4    292.9    135.1 
  1953   153.3     57.3     41.7     70.7      8.3     14.7    155.6    151.5    154.2    250.4    266.4    233.1 
  1954   283.5     13.7    119.7    172.6    138.0       .0     27.3     59.4     41.3    114.6    207.1    524.9 
  1955   257.7    133.8       .0    189.7     98.3       .0     24.3    114.2     92.9    137.6     68.9    212.6 
  1956   111.4     37.4      8.0     17.1       .0     73.9     82.9    198.8    115.5    149.5    374.2    211.6 
  1957   143.6     99.8       .0      3.5     58.0       .0     70.9     97.7     65.5    451.3    644.2    822.8 
  1958   107.6     18.4     53.6     53.4     85.7       .0       .0    210.1     74.7     -9.9M   180.1    233.6 
  1959   235.6     15.1      5.5    104.8     44.7    281.2     37.5     64.9     90.3    247.8    482.5    182.5 
  1960   319.3    365.2     50.8     74.0    110.2       .0    214.3       .0      4.3    172.2    272.6    120.2 
  1961   301.8    160.1     55.5       .0     57.1      7.8     65.5     29.6    130.9    291.6    522.3    661.9 
  1962   312.8     18.1     50.4     54.6     33.7       .0      1.2       .0      1.5    392.9    188.2    324.2 
  1963   655.6    275.4    104.6     14.3     30.9       .0     99.0     85.8     -9.9M    92.9    470.0    580.3 
  1964    40.6     -9.9M    -9.9M    -9.9M    45.6      1.0    267.8    236.0      3.0    133.3    102.1    147.3 
  1965    20.7    274.9     76.1    115.8    108.3     -9.9M    -9.9M   273.8    122.4    190.2    625.3    671.9 
  1966   189.3      7.7    195.7      8.6     22.8       .0     70.6    189.3    154.3    412.8    296.9    422.8 
  1967    25.9    129.3     26.6     12.9     -9.9M    31.6     68.7     44.5    108.1    236.9    326.1    393.5 
  1968    42.0       .0     26.5     78.1     -9.9M    -9.9M    -9.9M    -9.9M    -9.9M    -9.9M   100.2     53.1 
  1969    94.6     28.9     -9.9M    -9.9M    -9.9M    -9.9M    -9.9M    37.9     45.1    114.4     91.9    250.9 
  1970    41.7     74.3     16.2     20.6     28.6     13.6     -9.9M    18.7      7.5     50.0    135.9    113.0 
  1971    74.1     12.1      3.9     15.4      2.5       .0     18.6     46.3     61.0     88.4     66.6    209.3 
  1972     7.2      1.7      2.7      3.2     55.0     17.7     22.8     12.0     91.3     -9.9M   117.3    107.6 
  1973     5.2     25.8      6.7      1.7     12.4     39.7     33.1      6.0     36.1    131.6     39.3    195.2 
  1974     3.0     73.4      9.2     64.3     76.3      2.9     43.3      9.4    150.6     57.5     95.1    182.7 
  1975    77.2     19.8     34.2     24.2     14.4       .0     32.6     14.9     23.7     80.1    173.1     77.2 
  1976    17.5      1.0       .0      5.2     10.8     14.1      4.5     48.4     63.8     40.6     87.3    136.1 
  1977    55.9     35.6     23.1       .0     81.0       .7      2.0      3.1    137.9    119.2    117.9    115.6 
  1978    40.9      9.4     18.0     53.1     33.5       .0      9.6       .0     21.9    108.2    548.3    170.2 
  1979    55.5     96.7     18.0       .5     16.1       .0     10.0     90.0    106.8    170.3    440.5    158.1 
  1980      .0       .0      8.2     82.0     57.7     10.5       .0     18.7       .8    132.5    202.1    101.5 
  1981    -9.9M    92.0     -9.9M    -9.9M    -9.9M    35.0    231.0     25.0    157.0    327.0    193.0    198.0 
  1982      .0       .0     52.0     58.0     56.9     12.3       .0       .0     76.5    150.7    709.1    456.6 
  1983    40.6       .0       .0       .0      6.0     21.0     39.0     53.0    129.0     94.0    336.0    411.0 
  1984   665.0    761.0     62.0     90.0     39.2       .0     91.6    104.9     96.4     71.3    445.0    134.7 
  1985   147.0     59.2     35.5     38.1       .0       .0    280.1     23.0    189.2     67.0    281.5    315.4 
  1986   426.2    133.1    138.3    114.1     54.0       .0     68.0     83.0    169.2    328.5    382.2    296.2 
  1987   316.0     12.0     33.0       .0     55.0       .0       .0       .0    187.6     33.0     76.0     86.0 
  1988    15.5     18.3    116.4    171.7       .0       .0    212.3    177.2     59.1     37.0    305.6     29.0 
  1989    64.5     -9.9M    -9.9M     3.6      1.7     -9.9M    -9.9M    -9.9M    -9.9M    -9.9M    -9.9M    -9.9M
  1990    -9.9M    -9.9M    -9.9M    60.3     60.3       .0     78.9     40.7       .0    152.8     59.6    419.4 
  1991   142.4     52.8    199.7       .0      2.0       .0     48.5     50.8    111.1    213.4    204.0    231.2 
  1992    13.4       .0       .0     67.0     65.5     33.2     15.7     60.5    374.0     45.1    353.6    456.1 
  1993     4.0       .0     69.1      7.0     98.6     13.1       .0     81.4    108.4     94.0    514.5    610.1 
  1994   131.9    248.4     46.3     18.8     42.3       .0       .0      5.4    158.8    282.0    565.4    114.8 
  1995   306.1     32.2       .0     55.8     67.6       .0    159.1     53.4    115.3    209.7    170.7     68.6 
  1996    17.2     70.3       .0     69.6     10.3     81.8     34.0    192.8     41.1    229.0    386.0     81.7 
  1997     2.0       .0     60.0       .0       .0     47.6    113.5     15.3     73.1    161.6    433.2    263.5 
  1998   176.6       .0       .0       .0     31.3       .0      8.0     44.2     86.2     62.7     42.8    431.9 
  1999   253.0    161.4       .0    155.0       .0       .0     10.0     15.0    201.0    189.0    396.0    330.0 
  2000    43.0    124.0       .0       .0     12.0     85.0       .0     13.0    164.0     54.0    253.0    316.5 
  2001   139.0     23.0     12.0     45.0       .0     46.0     72.0    116.0     24.0    249.0    176.3    307.0 
  2002   183.0    128.0       .0      7.0     10.0     18.5       .0       .0     35.0    268.0    319.0    591.0 
  2003   122.0    116.0    106.0     30.0    120.0     60.0     10.0     20.0    185.0     65.0    525.0    100.0 
  2004   130.0     90.0     40.0     10.0       .0       .0     65.0    120.0    210.0    310.0    360.0    545.0 
  2005   140.0       .0     25.0    205.0    110.0       .0     10.0     70.0       .0    145.0    350.0    200.0 
  2006   185.0     10.0     70.0     20.0       .0       .0       .0       .0       .0    185.0    180.0     -9.9M
  2007    -9.9M     5.0       .0     50.0       .0       .0       .0     60.0     50.0    278.0     70.0    250.0 
  2008   110.0     -9.9M   250.0     50.0     20.0       .0    100.0    120.0     50.0     -9.9M    -9.9M    -9.9M
  2009    90.0       .0    100.0       .0     60.0     10.0     10.0     80.0     35.0    105.0    180.0     60.0 
  2010    60.0     20.0     20.0       .6     25.0     10.0     95.0    135.0     -9.9M    58.5    343.0    501.0 
  2011   798.0    523.5     68.6     37.0       .0     -9.9M    -9.9M    -9.9M    -9.9M    -9.9M    -9.9M    -9.9M
