



                              STATION NAME : ALUTHNUWARA             
                              LAT:  7.32N    LON: 81.00E    ELEV:   92.0M
                              ELEMENT : Precip,Total Mly in Millimeters         
                              Missing data values are coded as -9.9M 
 
  YEAR     JAN      FEB      MAR      APR      MAY      JUN      JUL      AUG      SEP      OCT      NOV      DEC
 
  1899    -9.9M    -9.9M    -9.9M    -9.9M    -9.9M    -9.9M    -9.9M    -9.9M    -9.9M    92.0    550.6    476.3 
  1900   304.1     53.1     98.3     73.2     80.5      6.1     22.2     12.5     32.7    327.2    404.1    363.9 
  1901   106.4    176.9    156.9    172.5     63.0     13.4       .0       .0     95.9    145.2    258.5    277.1 
  1902   270.3    272.0     91.7    117.5     27.3      5.3     17.7    142.2     28.4    356.6    573.9    319.0 
  1903   531.3    409.9       .0      4.9    110.7     10.1       .0    101.1    188.2    363.9    112.0    273.8 
  1904   924.4    150.3     76.0     31.5     27.3       .0     12.7       .0     31.6    334.8    139.8    585.7 
  1905   302.6     63.3     78.7    242.2     90.0     33.7       .0       .0     64.5    250.9    372.5    214.4 
  1906   216.9     58.3     32.9     63.3     98.9     12.7     13.4    185.3     45.1    220.6    320.9    248.5 
  1907   210.9     56.6    195.7    222.1     48.4     47.0     50.1      6.1     50.2    262.7    262.4     76.5 
  1908   426.9    162.8    161.6    104.8      2.2       .0      8.8     31.7     78.0    223.8    281.7    574.5 
  1909   197.6    210.0    242.2     87.3       .0      1.5      6.3     43.2     10.0    166.2    161.3    343.7 
  1910   353.9    145.8    104.0     64.3     52.8     36.8    202.2     89.1       .0    255.5    195.5    600.8 
  1911   351.9     -9.9M    20.5      8.1     57.3     60.1      2.0     49.5     13.9    511.8   1261.0    895.8 
  1912    98.6       .0     60.8    231.9    129.3      5.5       .0       .2     33.3    259.6    325.4    609.2 
  1913  1220.0    225.8     88.0    137.9     50.5     36.2     12.2     32.9     59.5    579.2    269.6    409.2 
  1914   375.7     96.9    151.6    161.6     56.7       .0       .0      1.2    154.2    270.3    368.3    587.9 
  1915   426.0    115.7    230.5     68.6     55.8     38.6      4.8     96.0     78.0    221.3    196.8    340.6 
  1916   127.6     23.8     94.7    105.9     71.8      3.5    140.2    107.3    214.9    154.8    388.7    210.2 
  1917   737.6    284.1    302.9    109.9    184.9     10.6     74.8    208.6    166.5    109.0    488.0    269.4 
  1918   425.6     26.2    162.9     65.6     49.1       .0    190.8     34.0      8.6    652.2    255.9    472.5 
  1919   258.5     33.0    144.2    102.4    134.4      5.8     44.1      1.7     49.7    348.2    325.4    413.7 
  1920   208.1    134.6     58.5    178.8    114.3     18.2       .0     40.5     31.7    204.5    441.0    341.3 
  1921   460.3       .0     41.0    192.7      6.1     70.7     38.3    179.8    130.1    294.5    505.1    573.0 
  1922   243.0    143.6     27.6    154.6     24.0      8.0       .0       .0      2.2    867.2    332.6    220.8 
  1923   732.9     63.6     64.0     47.3     30.4      1.0       .0     13.3     11.7    329.5    205.2    886.3 
  1924   284.5     82.1    214.7     80.0      2.4      1.7     10.9     13.3    103.9    308.3    191.6    488.7 
  1925   522.7    172.4    359.1    164.8     51.3      3.7      3.5     21.0     49.8    319.0    406.6    542.1 
  1926   274.2     22.5     92.7    188.2    179.3       .0       .0     24.5    101.3    182.7    287.7    410.5 
  1927   582.2    207.5    405.0     51.6     88.9      5.2     20.5     65.0    127.2    131.7    417.3    420.1 
  1928   412.4    140.8    135.2    282.1     57.6       .0     82.6       .0     59.6     94.5    572.9    320.8 
  1929    97.4     99.5    165.1    295.7    184.7      9.8      1.5     15.5    165.8    114.5    307.6    536.3 
  1930   457.5    319.4     41.7     86.2    125.7     10.5       .0     59.3     66.5    471.5    253.9    112.3 
  1931   647.2    116.1     75.9    297.6     50.7       .0       .0       .0     66.4    217.1    505.6    694.4 
  1932   108.7    187.7    195.4     74.7     58.4     46.0       .0     80.9      8.8    219.0    264.9    143.1 
  1933   982.9    256.3    180.0     83.6    233.4       .0     68.4     63.6     71.0    244.1    480.7    201.6 
  1934   433.2    198.5    235.9    140.5    104.8       .0       .0       .0     46.6    189.4    202.2    368.8 
  1935   325.4    160.3    175.1     73.5     32.9     13.9       .0     43.0     71.2    139.9    352.1    609.4 
  1936   460.7    246.9    201.9     95.7     56.8       .0      5.2      2.2    162.7    329.2    200.2    780.6 
  1937   607.2    269.1     48.0     86.4     34.4       .5      6.3    308.8     68.6    179.1    258.9    157.2 
  1938   413.9    318.0    196.4    238.1    106.0      9.8     99.9     36.0    148.4    185.8    120.9    613.4 
  1939   184.7     37.2     98.7    381.3     30.1      7.6       .0     45.5     31.2    135.3    282.7    524.1 
  1940    84.2    249.9     53.3    255.9    206.6     27.0       .0       .0     92.7    187.4    326.0    682.1 
  1941   551.5    481.3     82.6    240.0    154.1     23.8     54.3       .0    219.7    371.3    299.2    253.0 
  1942   408.4    145.4    204.4    223.2     15.6     21.8      7.6     43.9    213.2    232.6    255.8    695.8 
  1943   177.5    267.9    173.8     89.2    137.8      8.8      8.1       .0     89.8    210.6    388.8    444.4 
  1944   401.9    620.8    117.4    197.7    174.4       .0       .0     92.9    180.4    320.8    548.0    403.9 
  1945    16.4     11.6    278.6     17.7     29.8     56.6     19.8       .0     74.1    307.3    505.3    311.1 
  1946   197.7    401.1    242.3    308.6     31.3      2.1       .0     50.2     73.1    269.3    369.3    494.8 
  1947   748.7     27.1     95.6    236.7     92.8       .0     32.9    136.9       .0    145.4    175.6    388.1 
  1948   329.3     16.4    112.7    238.4     62.1       .0    208.1       .0     38.0    177.2    307.3    805.5 
  1949   363.6     57.1     29.2    192.7       .0       .0     36.0    104.7      6.1    266.2    464.4    690.6 
  1950   195.7    214.0    130.7     14.4     79.2       .0     31.4     51.9     27.1    142.3    150.9    156.1 
  1951  1014.9     52.7    254.1    188.3     53.1     47.1     35.0     44.1     -9.9M    -9.9M    -9.9M    -9.9M
  1952    -9.9M   100.6     -9.9M    53.5     -9.9M    -9.9M    -9.9M    -9.9M    -9.9M    -9.9M    -9.9M    -9.9M
  1953    -9.9M   217.1    152.2    221.6       .0     26.8     27.8     10.1     86.7    376.4    347.8    451.1 
  1954   527.1    195.5    285.4    249.1       .0       .0       .0     40.0       .0    573.8    284.8    432.1 
  1955   817.1    296.1    186.9    234.5     26.6       .0       .0    112.7    116.2     51.9    146.0    249.9 
  1956   229.6     15.7    125.5    114.3       .0    100.1       .0     34.2       .0    200.5    524.8    549.7 
  1957    -9.9M    -9.9M    19.0       .0       .0       .0     53.9       .0    102.8    310.5     -9.9M    -9.9M
  1960    -9.9M    -9.9M    -9.9M    -9.9M    -9.9M    -9.9M    -9.9M    -9.9M    -9.9M   228.2    348.1    521.6 
  1961   273.1    126.9    152.3    231.8    114.2     88.8     76.2     -9.9M    50.8    215.7    519.9    469.4 
  1962   516.0     -9.9M      .0    405.9     -9.9M    -9.9M    -9.9M    -9.9M    -9.9M    -9.9M    -9.9M    -9.9M
  1963    12.7     -9.9M    -9.9M    -9.9M      .0     12.7      6.3     -9.9M    63.4     -9.9M    -9.9M    -9.9M
  1964    -9.9M    -9.9M    -9.9M    -9.9M    -9.9M      .0       .0    169.6     46.4    102.6    144.6    476.6 
  1965   203.1    521.8     71.3    252.2     73.0       .0     17.7    215.5       .0    275.5    525.9    513.4 
  1966   590.5    146.0    441.8    177.7     58.8       .0       .2    113.8     10.1    231.0     -9.9M    -9.9M
  1967    -9.9M   536.0    103.0     -9.9M      .0     26.3       .0     -9.9M    -9.9M   168.4    568.9    459.7 
  1968   270.8      3.0    228.0     47.3       .0       .0       .0     -9.9M    -9.9M    84.9    153.0    235.3 
  1969   534.1    187.6     12.7    168.8     27.8     -9.9M    -9.9M    -9.9M   160.5    336.2    193.4    671.2 
  1970   368.0     -9.9M    -9.9M    -9.9M    -9.9M    -9.9M    -9.9M    -9.9M    -9.9M    -9.9M    -9.9M    -9.9M
  1979    -9.9M   118.6    146.0    104.2      6.3     21.5     21.1     46.0    111.2    436.6    502.1    384.7 
  1980   136.7      4.0     68.4    296.9     68.3       .0       .0     25.1      6.3    256.3    405.1    137.7 
  1981   162.6    209.2    154.0    121.7    135.3     16.5    194.5     21.1    100.8    178.4    248.2    349.1 
  1982    21.4       .0    200.8    206.2    155.6     18.9     51.8     18.8     77.7    276.3    337.6    467.6 
  1983   284.1     14.2       .0     36.4    138.6     21.9     93.0       .0     13.5    290.3    267.1    659.0 
  1984   472.9    368.2    335.2    154.0     19.8       .0     97.8     68.9    211.0     86.3    201.8     79.0 
  1985   273.8    219.2    171.8    133.2     40.3       .0     76.2     88.3    238.3    200.7    260.7    391.0 
  1986   572.0    177.6    193.2    132.4     16.7       .0     16.0     96.1       .0    286.4    118.8    530.6 
  1987   201.3       .0    200.0    212.3    126.6       .0       .0       .0    234.3    321.3    181.8    137.3 
  1988   167.9    161.8    145.9    287.7       .0       .0    150.3     25.8     70.7    219.3     -9.9M    -9.9M
  1989   369.2     28.9     29.9     57.2     22.3     18.1    129.8      9.2     89.5    296.4    410.1    186.2 
  1990   504.9     81.2     -9.9M    27.5     89.1       .0     65.0     23.3    259.2    234.9    162.8    703.0 
  1991   599.0     36.7     -9.9M    45.5     49.1      9.3      3.5     22.4     97.0     -9.9M   221.2    635.3 
  1992   133.4       .0       .0     36.7     23.6      6.4       .0      8.3     50.8     87.6    656.3     -9.9M
  1993    88.8     21.2     21.7     91.6     70.2     30.0       .0       .0     60.1    235.7    465.2    532.2 
  1994   372.4    305.5     67.2     -9.9M     1.3       .0       .0       .1    254.6    237.6    448.7     -9.9M
  1995   154.0    159.2       .0    123.2     40.7       .0      3.5      6.4     23.3    222.5    188.7    299.1 
  1996   311.6    249.4     20.0    186.9     12.0     19.7      5.6     37.6     14.9    137.4    232.6    433.3 
  1997    20.0     48.0       .0    229.2    121.7     10.4     37.9       .0     80.2    413.6    452.4    308.9 
  1998   346.7     65.0       .0     46.5     92.3       .0     56.6     58.3      7.4     70.2    283.0    441.9 
  1999   836.1    495.6     -9.9M    59.6      8.3     24.5       .0      4.5     50.6    268.8     -9.9M   375.3 
  2000   529.7    163.7    126.8     61.0     -9.9M    17.5       .0    142.9     66.8     79.4     -9.9M    -9.9M
  2001   526.7    136.8       .0    149.7     27.0     22.0     11.0      3.5    135.5    285.0    277.4    484.6 
  2002   235.5    140.0     53.0    123.5     56.0       .0       .0     88.0     16.7    128.8    281.5    457.2I
  2003   466.6     -9.9M    66.3     96.5    112.5      2.0    117.1     32.0    113.7     98.3    605.9    188.2 
  2004   206.8    153.9     52.9     29.9       .0       .0      1.5       .1     67.7    460.5    731.3    800.4 
  2005   338.4     78.3     99.7    285.3    114.2       .0     95.5     60.6      5.0    285.0    783.8    220.2 
  2006   735.0    182.1    172.8     98.5     54.5     32.6      5.8      9.7    106.2    599.4    700.6    592.1 
  2007   416.4     91.9      4.1    197.4     97.0    104.0      8.2     11.8     31.8    201.0    548.5    619.6 
  2008   538.7    282.1    357.0    163.9     42.3      3.0     45.0    141.5     34.2    120.7    359.3    463.2 
  2009    72.2     75.7    210.6    246.9     65.1       .0     21.5    137.5      9.9    230.5    446.5    538.9 
  2010   253.7     55.5     -9.9M   138.4    228.0     62.2     33.0    108.1    191.2    120.6    332.8    474.4 
  2011   982.6    488.3    229.2    153.7     25.9     -9.9M    -9.9M    -9.9M    -9.9M    -9.9M    -9.9M    -9.9M
