



                              STATION NAME : AMBANPITIYA             
                              LAT:  7.23N    LON: 80.32E    ELEV:  201.2M
                              ELEMENT : Precip,Total Mly in Millimeters         
                              Missing data values are coded as -9.9M 
 
  YEAR     JAN      FEB      MAR      APR      MAY      JUN      JUL      AUG      SEP      OCT      NOV      DEC
 
  1879    -9.9M   152.4    303.1    292.7    414.0    280.6    318.7    105.8    121.4    405.6    428.8    192.4 
  1880    67.0     87.8    199.5     69.4    485.2     52.7    113.5    118.7     41.6    536.3    362.0    116.1 
  1881    -9.9M   112.8    247.1    346.4    290.1    424.9    112.2    266.0    215.5    304.7    403.6    475.2 
  1882   169.9     10.3    162.5    333.4    195.9    310.7    290.3    425.2    107.5    621.1    268.5    301.9 
  1883     5.0    108.3    139.3    300.2    572.5    386.0    160.7    427.3    217.0    294.0    295.0     81.9 
  1884    12.6     11.4    161.0    140.8    193.1    243.7    229.3    152.7    199.7    468.3    469.3    215.1 
  1885     1.7     86.3    206.3    162.6    326.5    527.4    449.0    313.4    159.9    449.6    418.6    216.5 
  1886   240.4     76.1     66.4    170.8    407.7    365.2    247.8    531.7    259.6    279.7    181.8     33.0 
  1887    20.3    105.5     12.4    506.8    244.4    395.3    115.1    241.6     96.6    477.8    396.2    254.9 
  1888      .0     39.8    178.0    206.9    398.9    513.7    110.9     96.0    114.8    784.1    361.7    152.7 
  1889    59.1     52.7    178.8    376.0    387.3     94.0    292.5    208.8    378.1    321.0    235.8     85.6 
  1890    -9.9M    -9.9M    -9.9M    -9.9M    -9.9M    -9.9M   125.3     94.7    174.9    346.1    225.8    211.4 
  1891   110.9    122.9    315.9    391.7    614.3    388.5    202.9    122.2    172.1    920.3    172.1    387.3 
  1892   131.5    119.4    155.3    281.8     90.7    258.0     87.8    134.4    110.3    392.7    340.9    200.6 
  1893    29.8     98.6    256.9    231.2    237.9    352.5    140.6    122.9     80.7    178.1    311.9     60.7 
  1894    32.9      8.8    309.9    182.2     40.6    346.1    114.8    124.7    153.4    382.4    257.4    110.1 
  1895   124.2     10.8     61.5    457.6    173.0    374.6     38.8    179.0    175.7    555.0    220.2    138.3 
  1896    66.4     20.3    148.5    205.0    267.5    389.8    158.4    187.9    147.9    663.0    522.8    443.9 
  1897    59.3    101.1    170.7    443.4    122.0    395.6    220.5    364.6    364.3    347.2    345.2    418.2 
  1898    78.8      5.2     62.2    302.2    293.3    228.5    248.2     40.9    423.2    454.1    270.4    165.8 
  1899   150.7      3.8    182.9    494.7    265.5    420.0     99.4     69.9    118.9    408.6     98.9    234.7 
  1900   102.3       .7    108.2    347.7     88.6    363.7    748.1    283.2    224.0    450.2    504.0    145.3 
  1901   111.2     90.5    145.7    258.6    181.8    406.7    230.5     57.0     64.0    337.9    480.3     61.2 
  1902   142.9      9.3    171.5    489.7    235.1    112.6    283.1    136.4    347.0    859.0    698.9    286.6 
  1903    17.0     38.1      9.0    295.6    430.6    467.4    213.3    246.4    581.5    671.0    259.8    110.0 
  1904   154.1    105.0    107.7     24.0    883.6    488.5    333.2     47.8    286.9    601.9     99.9     84.9 
  1905    35.5    135.1    102.1    220.2    450.3    343.2    146.3     63.8    301.3    453.1    275.5     32.8 
  1906   100.3     54.8    147.4    183.9    168.1    167.2    212.1    227.8     34.1    773.9    281.1    127.1 
  1907      .0    133.5     98.6    342.6    148.3    431.3    268.5    217.7    153.4    439.8    356.4     20.7 
  1908   167.9    229.1    326.1     43.0    223.4    145.5    105.0     36.5    348.7    132.1     80.3    276.5 
  1909    51.8     34.1    239.0    168.5    170.6    267.2    329.5    452.9     94.9    483.3    378.8    130.2 
  1910    11.3    104.4     38.3    172.9    135.1    220.0    159.3     93.4     82.8    383.7    377.4    230.4 
  1911    26.5       .0     95.8     38.9     47.0    305.4     75.0     56.2    217.3    314.4    225.5    451.6 
  1912     2.0     48.3    261.1    355.8    361.3    225.7    123.7     40.6     94.0    401.7    276.2    216.2 
  1913   207.9     31.9     68.9    242.2    139.2    139.0    134.1     31.1     73.4    956.9    496.1    367.5 
  1914      .0      3.2    123.5    240.0    199.4    362.4     58.2     72.2    259.7    484.8    361.1    181.8 
  1915    48.2     50.5    172.3    237.0    118.1    343.8    492.2     55.9    349.1    121.8    443.9    136.2 
  1916      .0       .0    314.9    380.2    284.2    406.3    462.5    135.9    111.1    158.1    197.1     56.2 
  1917    55.2     83.6    152.2     92.8    102.6     93.6     36.9     87.5    342.0    196.8    149.6     36.9 
  1918   100.7     31.3     47.9     53.4    186.7    209.3     55.6     44.5     31.0    286.2    194.8    290.7 
  1919    89.8      3.7    132.1     94.5    195.6    122.6    155.3     78.8    195.1    221.3    343.0    106.8 
  1920    25.1     65.9    256.7    410.4    190.3    570.0    127.4     95.7    155.2    432.5    521.0    143.2 
  1921   134.8       .0    207.5    264.0    187.7     90.3    288.3    245.0     90.8    358.2    158.8    125.0 
  1922    47.3    116.9     30.2    188.5    202.9    402.3    184.7     85.2    153.1    420.1    536.5    145.3 
  1923   257.9       .0    132.5    133.6    113.7    463.6    325.1    290.0    321.6    677.9    258.9    334.5 
  1924   154.1     43.4    310.9    205.0    188.3    276.5    399.5    305.1    423.0    129.3    284.8    197.3 
  1925   169.4    206.0    324.6    134.8    241.4    279.8    111.6     94.6    243.8    550.7    579.7    176.4 
  1926   161.9       .5    341.4    159.8    675.9    398.6    259.1    194.8    280.4    342.3    397.1     81.6 
  1927   184.8    121.8    329.3    141.2    481.9    222.0    115.7     50.6    317.8    318.6    215.4    161.9 
  1928   128.5    159.0     73.6    580.3     70.7    346.8    321.0    258.4     75.3    617.1    343.1    263.0 
  1929    89.8     50.6    219.7    560.9    137.8    372.7    159.0     86.5    276.2    305.5    461.2     59.1 
  1930   186.1     34.4    190.4    335.9    515.0    314.1     17.6    119.9    264.3    854.3    193.2     11.3 
  1931   151.3     20.2    154.7    387.2    156.5    410.1    244.8    422.6    159.3    179.8    445.6    294.2 
  1932     6.5    106.9    213.9    298.1    375.6    119.2    119.1    271.9    246.1    471.2    328.8     62.0 
  1933   232.7     54.6    246.1    201.1    598.0    322.5    248.4    265.6    209.6    552.6    228.6     47.6 
  1934   200.6     84.7    437.8    233.9     36.8    424.5     48.2     56.2     22.1    580.1    217.0     84.9 
  1935    15.1     17.3    399.1    253.3     83.5    204.4     95.3    193.4     86.3    526.7    301.9    261.5 
  1936    46.3     10.0    325.3     43.8    442.7    103.8    214.4    113.1    379.3    279.0    220.3    240.1 
  1937   107.0    119.5    280.2    200.0    493.0    107.5    249.8    221.0    253.7    342.2    307.0    102.6 
  1938    27.0    360.7    399.0    335.3    147.5     92.9    207.1    134.4    256.9    167.0    151.9    135.8 
  1939   192.0      7.0     49.7    340.3    299.2    325.9    217.8    270.8    231.5    298.0    442.3    199.4 
  1940      .0      3.8     41.1    443.2    407.2    492.9    185.8    221.2    160.5    557.9    634.6     -9.9M
  1941    15.9    115.3    180.9     93.8    355.4    337.9    137.7    309.4    328.1    492.6    557.2    274.2 
  1942    16.1     27.4    294.0    351.2    210.9    363.2    247.6    266.9    117.0    344.9    150.4    389.0 
  1943    82.2     61.6     82.8    348.7    602.5    307.0    144.3    167.4     72.6    515.1    681.5    235.5 
  1944    86.5    214.7    184.4    255.2    207.1    254.5     80.8    128.8    355.6    399.5    589.8    158.4 
  1945    11.9     13.7     75.3    107.3     79.0    247.6    115.5    107.7     71.7    646.0    280.4    259.9 
  1946    77.8     47.4    202.3    152.5    135.5    296.1    134.3    247.8    233.5    317.8    375.4    631.4 
  1947   224.9     34.2    375.2     40.6    223.0    272.8    201.7    547.0    232.6    518.7     47.0    126.2 
  1948    39.3     36.5    365.2    122.1    132.4    287.9    236.0    179.6     86.4    288.8    381.6    184.7 
  1949    53.4     41.6    123.9    276.8    276.4    369.9    499.3    536.4    110.3    297.4    296.7    132.0 
  1950    22.7    192.5    143.3    171.9    170.5    252.7    279.6    151.2    253.8    380.6    216.4     77.7 
  1951   290.8    174.2    246.7    188.4    233.6    323.9    253.4     10.8    472.9    180.5    424.3     50.8 
  1952    81.7    151.0    166.9    417.5    604.1    169.1     17.7    195.5     23.8    451.6    372.4     66.3 
  1953    21.7     75.3    187.5    212.0       .7     71.8    619.0     90.5     95.2    598.9    128.7     45.7 
  1954   220.2     56.8    345.5    348.9    444.5    122.2    183.0    259.6     92.0    630.7    185.3    604.9 
  1955    55.4    136.8    254.4    245.3    480.5    330.9    157.9    108.8    322.9    656.5    320.1     35.9 
  1956   148.0     42.3    303.6    232.3    239.0    480.6     32.2    134.1    111.0    421.1    593.3    119.5 
  1957    61.7     78.6     16.1    318.0    251.7    493.9    210.7     95.8     22.0    287.2    596.8    643.7 
  1958   114.8     24.6    463.6    490.3    193.5    349.7     57.3    243.6     39.2    552.7    251.6     41.5 
  1959    99.1    163.4     79.1    421.5    340.0    471.2    419.1    131.5    287.8    234.6    391.0    122.1 
  1960   132.1    142.3     67.5    593.3    216.7    350.8    317.8     67.9    155.8    498.1    359.9     33.1 
  1961    61.8    159.5    228.3    259.0    433.6    221.8    192.2    316.1    322.4    359.0    271.9    136.9 
  1962    44.8     49.6    191.7    484.4    341.3    102.6    157.8    136.1    308.7    614.0    234.9     13.1 
  1963   142.5     97.0    114.5    257.5    234.3    262.4    364.5    153.8    362.6    375.8    307.6    182.7 
  1964    53.5     32.6    278.9    244.3    270.1    265.4    340.9    118.2    244.2    280.4    363.0     59.9 
  1965    20.3    126.8    198.5    198.9    545.4    120.9     79.3    254.3    154.3    318.7    294.9    133.8 
  1966    29.5    200.7     -9.9M   439.9     81.1    146.5    103.7    114.3    735.1    613.6    325.5    167.3 
  1967    54.4    101.3    257.5    188.0    191.2    424.1    176.4    113.9     88.7    468.0    534.5    177.6 
  1968     4.0     26.3    232.5    202.3    120.3    498.0    302.7     73.0    326.2    551.0    214.8    248.7 
  1969    61.4     76.5     67.8    434.6    678.8    178.5      4.7    125.0     87.4    509.7    137.6    314.7 
  1970    63.8    198.4     85.1    566.3    240.1    199.5    269.4    100.8    259.5    418.9    361.4    127.7 
  1971   105.1     82.6     87.7    646.2    244.1    373.4    194.9    251.0    554.9    356.9     97.3    222.0 
  1972     7.1       .0     94.7    310.1    516.8    137.3    176.7    118.9    253.1    668.5    342.3     92.4 
  1973      .0     41.1    267.7    298.6    116.6    118.8    140.9    115.7      9.8    193.7     -9.9M    -9.9M
  1977      .0     97.0    226.2    462.4    637.3    306.1     69.4    143.9    101.9    475.3    298.4     33.8 
  1978     2.8     49.0    109.0     59.8    212.3    176.5     61.2     79.0    211.1    288.4    361.2     53.6 
  1979     2.8    103.1     80.4     50.8    102.4    131.5     96.8     44.2    319.0    316.1    317.3    288.4 
  1980     2.5       .0    171.6    309.0    171.9    129.3    234.4    164.9    186.3    299.4    334.3     43.5 
  1981   114.3     28.7    141.1    211.4    175.3    276.3    189.6    123.2    356.4    255.1    518.3     24.1 
  1982      .0       .0    168.6    149.3    408.8    362.0    225.9    187.7     97.2    414.6    382.5     84.7 
  1983      .0     10.9     10.2     57.2    211.1    278.1    103.3    162.8    198.2    132.0    313.4    226.2 
  1984   175.0    122.0    359.8    536.6    161.1    233.5    343.6      7.5    277.6    164.5    357.5    105.5 
  1985   100.3     99.3     68.8    123.9    519.5    442.2    236.9    106.3    227.1    414.9    364.4    170.5 
  1986   371.8    139.9     88.9    233.1    102.6     55.7     58.6     80.4    290.4    334.1    195.8    110.1 
  1987    51.9       .0     79.1    380.4     -9.9M   200.4       .0    254.7    200.7    563.0     95.4     12.6 
  1988      .0    195.9    129.5    441.0    265.4    437.1    591.3    429.4    462.8    132.6    385.5     67.0 
  1989    54.2       .0     91.6    175.7    259.6    354.7    295.0     90.5    137.8    196.6    155.7       .0 
  1990   167.2     38.2    123.5     64.5    252.6     40.2    108.1     27.4     18.7    224.3    146.4     92.0 
  1991    95.1      9.7    149.2    197.8    111.2    504.9    292.5     65.4     22.2    282.7    394.3     18.2 
  1992      .0       .0      6.3     -9.9M   145.4    154.0    233.0     37.1    126.7    402.1    370.8     28.0 
  1993      .0     84.0     69.4    162.2    241.5    144.4    154.0    138.6     93.2    816.1    599.8    204.9 
  1994    68.0    177.7     40.6    196.1    255.2    112.2    119.3     86.0    236.8    685.5    435.0      2.0 
  1995   190.0      5.0    149.5    518.8    563.9    284.4     96.7    235.5    211.5    286.1    414.5       .0 
  1996    75.4     61.1     66.5    352.6     15.0    193.1    133.2    103.4    440.1    351.0    247.3     17.5 
  1997      .0     43.6    178.4    196.6    401.7    133.7    292.3     57.4    448.1    666.2    459.3    256.1 
  1998    64.2       .5     53.0    242.1    401.3    338.6    311.7    307.8    419.3    404.9    300.2    207.3 
  1999   133.1    118.2     67.9    438.8    427.7    320.9    119.6    122.2     97.1    611.1    263.3     16.0 
  2000    79.8    497.1     88.6     41.1     25.4    182.8     41.3    301.1    304.2    250.9    156.5    129.2 
  2001   190.0     78.5     44.7    301.2     52.2    138.5    111.2     19.4    218.6    317.1    249.1    361.5 
  2002    12.3    100.6     90.0    518.8    189.5    170.2     62.0     82.1     43.2    486.3    442.7     73.0 
  2003      .0     -9.9M    -9.9M    -9.9M    -9.9M    -9.9M    -9.9M    -9.9M    -9.9M    -9.9M    -9.9M    -9.9M
