



                              STATION NAME : AMPARAI TANK            
                              LAT:  7.28N    LON: 81.67E    ELEV:   27.4M
                              ELEMENT : Precip,Total Mly in Millimeters         
                              Missing data values are coded as -9.9M 
 
  YEAR     JAN      FEB      MAR      APR      MAY      JUN      JUL      AUG      SEP      OCT      NOV      DEC
 
  1879   235.7    182.6    125.5    116.8     17.7     33.0    354.1    107.5     86.6    210.8    183.8    415.9 
  1880   122.9     48.1    324.8    115.0     73.5     11.3       .0     49.4     90.0    314.6    347.5    221.9 
  1881   430.0     20.3      3.8     17.7    106.5     37.9       .0    129.3     33.0    220.4    140.5    822.2 
  1882   454.1    374.1    143.2     76.0     96.4    137.0       .0    129.3      2.5    230.7    262.6    489.5 
  1883   366.5    272.9       .0     78.4    151.0     35.5     55.8     50.6    142.0    229.1    633.2    370.7 
  1884    64.0     12.7     67.7     62.9     72.1     17.9     11.6     12.6     86.1    190.4    248.6    937.6 
  1885   144.3     66.0     27.8     25.4     77.4     35.5       .0      6.3     76.1    553.2    265.1    863.0 
  1886   519.1     74.8       .0       .0    429.9     80.0    105.2    119.3     48.1    213.1    718.4    376.7 
  1887   180.2    304.8       .0    150.9     11.4     70.8      5.0    198.0     40.6    217.9    134.0   1168.5 
  1888     2.5       .0     48.2     90.1    112.6    120.5     13.7    131.8    143.2    217.9    273.8    744.6 
  1889   197.8     36.7    127.9    166.0    312.0     36.8     18.9     57.1    142.0    113.9    211.7    205.0 
  1890    20.1     -9.9M    -9.9M    -9.9M    -9.9M    -9.9M    20.1     59.6     77.3    354.8    150.5    273.7 
  1891   307.0    323.4     60.7      5.0    196.6    138.3       .0     57.0     68.4    405.5    405.3    692.1 
  1892   650.8    554.5     48.1    100.7       .0    350.0     10.0    166.1     44.3    317.0    207.9    263.6 
  1893   310.6    136.9    275.2     67.3     68.3     34.2     85.0      3.8     12.7    133.0    774.1    375.3 
  1894   244.6     29.0    223.2     91.3      5.0       .0     22.8    102.7    335.0    175.0    466.7    640.8 
  1895   466.8     18.2       .0    184.6     36.7     38.0     38.0     56.8     82.4    316.8    653.5    963.3 
  1896   650.1    399.8     65.7    124.4     72.2     98.8    120.5     95.0    116.6    289.9    482.0    930.3 
  1897   174.3    127.3    100.1     96.4    149.4     45.3     48.8    123.4    248.5     78.2    135.0    808.5 
  1898   172.7     79.2       .0     57.7     82.1     50.1     64.1     33.2    239.5    239.5    545.6    592.8 
  1899  1114.1     52.2     92.9    185.2     16.5     32.1     38.6      9.1      5.0    288.6    399.7    402.0 
  1900   303.7    143.9     28.0    303.7     33.5     25.0     57.5     37.2     67.6    199.9    486.7    346.9 
  1901   184.5    149.6    185.9     78.8    152.4     33.9     39.3      8.3     99.2    166.0    298.1    523.2 
  1902   490.5    233.4     12.6     58.2     37.0     67.9       .0     67.1     48.0    435.0    544.8    285.3 
  1903   453.0    289.3       .0     29.5    176.6     26.8     20.2     85.8    343.3    213.8    225.0    461.5 
  1904   760.0     37.0     17.2     44.6    140.5       .0     36.9       .0    128.6    292.4    141.6    611.6 
  1905   310.3     69.7       .0    187.5    142.6     62.9      2.5     76.7     72.1     50.9    587.0    128.5 
  1906   125.9      2.2     30.6     13.3     28.6     50.6    143.5    208.9     88.9    274.8    273.9    235.7 
  1907   109.4     39.9    136.9    119.6     27.2    113.7      5.8     85.7     32.1    164.9    243.5     88.7 
  1908   262.4    192.5    216.2    110.8     33.1       .0     64.6     55.6     80.9    179.8    229.6    631.9 
  1909   122.9    177.4     66.9     44.8     20.6     22.6       .0    134.4     68.3    241.9    107.6    197.3 
  1910   426.1    101.2       .0     26.9     27.4      5.0     80.2    135.9    146.4    371.5    293.7    556.6 
  1911   223.4     68.5     36.8       .0     48.2     33.6     42.9    186.5    235.6    263.6    606.0    844.9 
  1912    56.6     20.5    120.8     63.6     36.3    175.8       .7     71.5    171.0    185.2    307.8    372.9 
  1913  1270.0    195.7     51.1     70.8     13.3      1.2     19.1     34.1     34.4    308.3    301.3    862.8 
  1914   459.0    123.1     53.1     55.1     55.2     66.6     26.1    163.9     85.0    169.7    432.8    417.8 
  1915   510.9     76.2    183.7     68.0     56.0     50.4    102.7     47.7    159.2    115.9    236.2    327.9 
  1916    39.2     44.0     69.8     28.6    127.8      2.2    255.6     83.3    306.0     39.0    118.1    216.5 
  1917    -9.9M   510.4    185.3     22.7     38.4     82.0     66.2    159.2     90.6     43.3    274.5    189.2 
  1918   275.4      5.0     12.2     38.5    103.5     24.8     12.9     15.7     19.4    280.8    142.6    332.0 
  1919   146.3      2.5     20.3      5.5    135.9     16.1     27.5     51.3    116.6    117.6    131.0    384.4 
  1920   419.0     98.9     90.2    133.3     16.7    135.6     33.1     68.8     25.8    209.6    342.3    204.3 
  1921    -9.9M     1.5     72.9    251.8     24.1     67.2     15.1     52.6     75.0    408.6    204.9    413.4 
  1922   243.2     85.8       .0    307.2    223.9      6.3       .0     51.3     73.1    302.3    455.6    162.9 
  1923   524.6      6.5     40.7      4.0     66.7     58.2     11.1     17.7     45.2     62.4    174.8    587.2 
  1924   307.9      6.2    239.3     19.1    121.9     20.3     48.4     67.0    141.8    119.4    118.3    320.1 
  1925   368.3    149.1    132.4     59.5     43.3     29.3     32.2     74.1     95.4    206.4    283.6    348.9 
  1926   319.7     38.0     81.7      4.2     71.3     49.2     94.2     50.7    144.4    119.6    231.0    258.5 
  1927   446.1    204.8    343.4     43.1    251.3     32.3       .0     10.6    131.3     50.8    252.8    357.5 
  1928   340.3     90.2     64.1    102.0     42.9       .0     96.0     62.8     21.1    105.2    454.8    193.6 
  1929     2.7     57.8    120.9    112.9     73.7     13.1      5.0     18.7     45.5    160.8    235.5    583.8 
  1930   193.3     86.1     58.8     94.4    293.2     64.2     34.0    106.8     45.6    209.7    364.6     82.4 
  1931   488.6    183.8     30.5    102.2    185.3      4.5     48.3     53.7     55.6    101.9    415.3    492.0 
  1932    45.9    204.2    142.9     36.0     75.1     62.4     38.8    129.0     21.1    367.4    185.8    216.9 
  1933  1102.4    164.4     12.3    169.9     73.3    102.7     22.8    180.3    161.5    120.2    349.5    258.9 
  1934   378.6    114.0    136.3     19.5     46.3     28.4     90.4     65.2     83.4    233.2    141.4    154.1 
  1935   146.5     70.2     73.3     11.8     16.6     42.0       .0    115.0     13.3    262.8    220.8    611.5 
  1936   257.9    152.0    196.8     10.6     50.5     44.1     90.1     59.2     67.2    147.5    281.4    785.4 
  1937   407.7    293.8     47.4    272.9    114.2      8.8     78.2     11.5    178.8     99.5    319.0     75.3 
  1938   354.3    541.6    245.6    270.8     90.5     35.5     17.4    164.2     55.4     76.6    122.7    322.2 
  1939   111.4     64.0     36.0    243.4     18.4      1.9     18.5       .2     30.3    189.7    284.5    297.8 
  1940    14.4    356.1      8.3     70.2    175.9     23.7      3.3      7.8     25.2    328.5    340.1    309.2 
  1941   233.2    369.2     45.6    122.1     37.2     76.7      2.4     12.9    147.5    229.9    549.5    197.4 
  1942   295.8    163.7    252.3    178.4     15.1     68.5      5.5      7.2     73.0    195.4    194.8    546.3 
  1943   115.6    346.7     35.0    135.3     42.9       .0     15.5      6.6     13.8    281.9    181.0    229.4 
  1944   322.2    892.6     82.5    113.6     38.3      9.1     18.2      3.8    210.2    263.5    350.4    294.7 
  1945     5.1      5.0    294.7     39.0     49.4     20.3     22.8     95.0     28.6    274.9    301.5    112.2 
  1946   263.6    157.9    146.2    226.3     64.1      1.7     14.7    158.9    140.0    177.2    540.8    444.5 
  1947   365.1     55.5    100.2     66.9     54.3     32.7     58.1    103.1     66.1     64.1    148.7    294.4 
  1948   250.4       .0     85.8    146.1     35.6      1.2     53.8     22.6      9.7    183.0    299.3    588.9 
  1949   329.9    136.1     24.0     82.1     92.1     17.7     62.1    102.2     31.1     63.4    254.2    872.5 
  1950   366.1    137.3    211.6     30.4     25.8       .0     32.6    112.1      4.9    160.1     98.9    284.5 
  1951   875.8     88.2     41.8    101.2     69.2     23.2     12.3     29.6     29.3    121.7    202.8    303.1 
  1952   576.8     70.0     22.6     76.3     20.2     85.8     67.7     25.7     98.3     24.8    369.3    127.5 
  1953   387.5    174.8     75.6     92.6      2.2     17.9    110.4     50.6     64.8    210.1    266.4    292.2 
  1954   305.9    272.3     74.5    267.3    120.9       .7     12.3     21.7     14.4    240.5    223.5    382.3 
  1955   468.1    455.9     65.3     53.8    170.1     66.7     82.2     95.0     87.8    293.2    139.0    146.6 
  1956   247.2     65.6     33.7     41.8       .7     99.7     13.5    127.3     53.6    213.6    220.7    264.5 
  1957   250.0    291.9      3.8     34.2    130.0     14.4     29.3    111.7     54.0    149.6    394.3   1293.0 
  1958   217.9    154.8    210.4    128.8    192.0       .5     56.3    152.4    158.3    150.4    129.8    289.6 
  1959   262.9     80.8      2.7    152.9     94.7     91.7      9.1     21.4    141.4    203.8    265.6    242.7 
  1960   296.4    872.4     52.5     47.9     80.0     31.4    168.1     57.8     39.5    286.8    334.8    121.8 
  1961   417.0    386.4    124.9     69.7     67.5     31.4     15.8     59.5    215.8    115.4    650.1    530.3 
  1962   303.0     94.9     65.6    108.1     93.6     10.0     53.8     72.6     40.5    192.0    208.6    301.9 
  1963   576.0    208.1    154.9     63.8     15.5     41.7     59.5     42.7     51.8    115.0    435.8    420.7 
  1964   380.6    368.9    274.0     60.2    139.7      8.5    208.6     48.3      1.2    184.5    201.3    270.8 
  1965    79.8    341.8     30.7     93.1     98.2       .0     91.4    199.7     52.5    201.8    399.3    488.4 
  1966   316.8    106.2    250.2     27.5     24.1     87.0     56.1     38.4    286.1    228.8    242.7    317.0 
  1967   207.7    194.0    115.2     80.0     57.8    141.8     45.5     21.7     70.3    111.4    458.2    466.1 
  1968   172.2       .5    216.7    106.0      4.4     32.9     76.1     24.6     99.4    104.3    490.2    144.9 
  1969   248.9    213.5     11.4    258.4     10.8       .0      7.6    181.7     13.1    144.3    102.1    894.3 
  1970   335.7    347.4     -9.9M   175.4     57.9      2.2     46.3     60.6    134.8    195.6    304.4     -9.9M
  1971   240.7     57.3     73.3     68.2     71.7       .0     67.3     41.7     89.4    127.1    191.2    476.2 
  1972   118.9      4.3     24.5     16.7     81.2     22.5     53.9     39.4     48.1    310.8    387.2    381.3 
  1973    89.4     62.1     83.3     44.7     58.7     22.4     81.7     -9.9M   104.9    271.8    280.3    505.7 
  1974      .0    115.4       .0     71.7    364.0     53.8     13.8     57.5    264.8     59.9     25.9    507.8 
  1975   186.4     60.0    145.8    182.0     66.2      9.1     65.6     82.5     22.0    137.4    400.8    307.9 
  1976   418.9     24.3     35.5     57.9      4.8     13.4       .7     31.3     44.0    109.3    316.2    460.6 
  1977    36.6     47.1    187.7     49.8    233.4     25.4     37.4     66.3     94.5    253.8    198.2    416.2 
  1978    32.4    126.3    110.1     48.3     78.0     26.6     38.2       .0     20.5    132.5    357.5    514.8 
  1979    74.6     90.6     48.5       .0     27.4     46.5     39.6       .0    285.2    224.5    396.4    207.5 
  1980    68.9      4.8     29.2    128.6     39.9     11.7     24.2     62.4     57.1    159.5    207.6    197.7 
  1981   104.6    223.5     18.3    104.7     38.6       .0    108.2     28.4    115.3    236.0    178.3    426.5 
  1982     2.8       .0     88.4     78.7    179.9     40.9       .0     18.6    108.5    230.8    291.5    609.2 
  1983    69.8       .0       .0     13.5     17.8     67.8     12.2     13.7    142.6    115.6    121.9    667.8 
  1984   424.9    816.1     67.2    158.4     25.1       .0    123.6      7.8     78.9     89.7    312.8    107.8 
  1985   174.2    157.1    163.6     58.0     61.7      1.3     91.9     39.6     89.1     98.9    208.6    349.7 
  1986   577.5    176.7    279.1     55.7     26.0       .0     13.2      9.3    173.2    325.0    250.1    386.3 
  1987   374.6     77.2     95.0     82.1     66.9      5.1       .0     95.3    158.9    320.9    167.5    121.7 
  1988    62.9     26.4    205.4     56.9     28.0       .0     91.5    121.1     70.8     26.4    152.6    452.4 
  1989   420.0       .8     53.1     14.7     17.8     13.9     20.3     56.3     69.9     71.7    264.5    146.8 
  1990   658.7    114.7    150.1     92.7     56.9     23.4     24.1     42.2     32.5    258.0    133.9    498.9 
  1991   216.0    114.6     61.0     -9.9M    20.8     44.5       .0       .0     52.2    151.1     -9.9M   672.3 
  1992   107.5       .0       .0       .0     30.2     17.7     49.0     37.1     23.7    201.7    501.5    534.8 
  1993    44.0     34.6     67.9     50.6     35.5     -9.9M    -9.9M    -9.9M    -9.9M   235.4    407.1    525.6 
  1994   392.6    411.7     38.9     59.5     70.0      8.4    101.4     18.8    100.2    222.7     -9.9M   332.2 
  1995   241.2    155.2     14.2      4.8     94.0     24.1     65.1     41.4       .0     -9.9M   106.9     -9.9M
  1996   411.3    192.8       .0     82.7     10.9     69.3    110.7     83.7    271.9    126.1    368.2    210.8 
  1997    14.7    108.5     43.8     92.7     35.3    109.5     15.0     51.8     62.5    224.8    301.7    356.1 
  1998   314.2     20.4       .0      7.9     83.9     25.9     -9.9M   102.8     80.7    141.2    275.8    317.6 
  1999   425.9    351.6     10.4    286.1     57.7     11.9     30.8     47.3     74.4    239.8    258.3    195.0 
  2000   280.5    208.3     74.5     58.5     48.7      3.7     24.8     11.4    174.7    156.6    723.4    308.9 
  2001   459.0    195.8       .0    113.6     41.0     34.2     74.8       .0    108.1    327.8    238.5    363.5 
  2002   217.9    210.0      7.0     65.1     47.5    116.8     39.3     14.0      2.5    165.9    316.0    534.4 
  2003   391.0    139.5     67.9     94.3     72.9     80.6     25.9     10.0    125.5     48.0    600.6     88.8 
  2004   201.0     39.1     58.4     11.5     64.8       .0    105.3     45.0    194.0    352.2    366.2    917.5 
  2005   234.7       .0     82.9    132.8    127.4       .0     78.7      8.1     44.4    304.4    287.6     72.0 
  2006   303.6     73.1     30.3    148.9     35.7     13.9      6.3     77.3     27.9    149.1    331.7    318.6 
  2007   251.1     28.4     12.7    330.6     51.0     39.7     86.3    204.5     25.0    359.5    152.9    343.1 
  2008   387.1    110.3    394.1    118.3     52.5     33.0     61.2    121.5     29.5    280.8    213.1    216.6 
  2009   125.3     47.0     32.4    184.5     95.4     10.6     59.4     40.1     36.8    155.1    503.7    601.9 
  2010   243.5     72.4     53.3      4.3     12.6     79.9      8.8     93.3    145.0    138.4    289.9    397.4 
  2011   922.6    502.9    155.0    226.5     59.0     -9.9M    -9.9M    -9.9M    -9.9M    -9.9M    -9.9M    -9.9M
