



                              STATION NAME : ANURADHAPURA (METEO)    
                              LAT:  8.35N    LON: 80.38E    ELEV:   92.5M
                              ELEMENT : Precip,Total Mly in Millimeters         
                              Missing data values are coded as -9.9M 
 
  YEAR     JAN      FEB      MAR      APR      MAY      JUN      JUL      AUG      SEP      OCT      NOV      DEC
 
  1870    -9.9M    -9.9M    -9.9M    -9.9M    -9.9M   109.7       .0     92.7     82.4     -9.9M    -9.9M   182.8 
  1871    -9.9M    -9.9M    72.6    335.8     54.3       .0       .0     -9.9M    -9.9M   121.8    496.5    183.8 
  1872    27.1      6.8     72.7    251.8     -9.9M    -9.9M    20.8       .0    179.7     -9.9M   433.1     74.5 
  1873    14.9     63.4     59.5     82.7     86.2     10.0     -9.9M   113.7       .0    124.6    144.6    122.7 
  1874    32.6     84.1     30.6    137.0     77.4      2.8       .0    169.7    187.4     83.7    176.1    179.5 
  1875    17.4       .5     86.5    214.3    100.3    133.6       .7     51.0     73.9    269.7    281.3    209.0 
  1876    46.7      9.3     86.3    131.3     94.3     13.0       .7     69.6    112.1    115.2     -9.9M    -9.9M
  1877     6.2       .0    116.5    227.9    117.6     22.5      1.2     10.9     73.0    299.8    509.2    518.6 
  1878   188.5       .0     47.1    266.1    109.9      9.4     81.2     47.4     29.6    133.1    286.8     95.0 
  1879    43.5     28.3    187.8     94.3    110.0       .0    181.0     89.5     63.5       .0    382.3    192.9 
  1880    97.4     28.7    174.9    180.0       .7      1.0       .0     30.8       .5    241.9    428.7     98.5 
  1881   135.3       .7     41.2    165.8     75.7      5.5     10.0     11.0    106.1     85.1    317.1    394.3 
  1882    40.7     57.6     77.3     80.1     74.0     44.8     10.5    148.8       .5    208.4    225.0    526.0 
  1883    38.9    141.2     76.0     -9.9M   178.2     86.6     -9.9M   115.4     -9.9M   317.4    400.5    209.4 
  1884     9.2     -9.9M    37.3    130.3     94.8     -9.9M      .0      3.0    104.2    421.2    359.3    211.6 
  1885    18.6     20.9    109.9    244.1    223.0    179.9       .0     -9.9M   112.8    397.8    411.9    294.4 
  1886   148.0     27.1     31.1    173.3    112.9     76.5     92.4    148.6    151.8    173.9    166.7     63.3 
  1887    21.7     68.9       .0    290.3       .0     -9.9M    -9.9M    74.0       .0    394.6    163.4    674.1 
  1888     2.5       .0     -9.9M   103.9    216.8     26.4       .0       .0    141.7    218.4    130.3    199.7 
  1889    21.7       .0     39.0    271.9     93.9      1.5    141.3      7.0    151.0    217.4    232.4     83.2 
  1890    98.3     29.4     29.8    457.0      9.5     32.3      2.7     19.8      3.1     80.3    158.3    110.0 
  1891    12.5     28.5    162.4    186.0    492.4     13.2      6.7       .0     21.8    469.0    195.4    300.5 
  1892   141.4    119.7     14.3    220.9       .7     19.8     15.1     70.3     14.0     66.2    302.5    215.5 
  1893    18.1     16.0    162.1    119.1     13.0     13.8    111.4       .7      2.0    224.3    261.2     66.6 
  1894    70.6      9.9     77.2    154.2      6.5      1.9     17.1     35.8     36.4    297.6    292.7    153.9 
  1895    81.1       .0     25.0    288.6      1.5     59.1      1.0    111.2     29.1    479.0    196.9    238.3 
  1896   107.5      9.9    162.3     69.3    100.8    163.7     37.2      3.0    125.4    323.2    350.2    407.0 
  1897    88.9     30.5     16.6    184.4     27.1     84.9      2.4     46.1    168.9    105.5    214.9    456.7 
  1898   253.8     35.1     29.1    106.0    162.7      3.2     26.4     16.4     56.0    458.5    282.5    258.6 
  1899   131.2     24.3      8.8    265.3     99.8       .0     43.6       .0     60.6    199.6    287.1    156.7 
  1900   109.4     -9.9M    86.2    190.1     39.0     24.6     44.8      6.8     50.2    199.3    238.6    209.2 
  1901    -9.9M    -9.9M    65.3    142.3     51.8      4.5       .0       .0    133.8    179.7    290.4    177.3 
  1902   198.4     85.3     70.9    149.2     66.4     51.9       .0     15.2    152.3    545.9    331.9    301.2 
  1903    -9.9M   108.4     -9.9M   123.4    243.9      6.0      6.0     98.5    204.1    309.4    113.1    279.0 
  1904   162.4      2.4     65.3     55.9     63.2      1.0    130.9       .0      7.5    190.4     45.4    369.1 
  1905    47.9     96.1     82.2    100.7     80.1      9.7       .0      5.7     24.2    148.1    299.5    102.2 
  1906   149.7      8.8     22.6    151.6     52.5     81.8      9.0    145.4     58.2    367.0    285.8    165.8 
  1907    69.1     39.5    111.4    302.7     55.6     74.4     78.6      2.2     11.5    190.5    212.1    198.1 
  1908    79.2    117.9     31.9     79.8     60.4       .5       .0      1.0    162.3    413.0    131.2    240.6 
  1909    14.3     54.6    124.5    201.5     46.4     18.4       .0    135.1       .5    345.5     64.9     63.5 
  1910    66.2     39.9       .0    156.5     71.6     22.5    207.5    110.6      3.7    211.7    256.9    214.5 
  1911    41.2      9.5     57.0     13.1       .9     53.7       .0     16.7     32.5    244.0    240.5    537.2 
  1912    20.8       .0     34.5    124.9     42.1     89.9      4.3     33.4     20.0    210.7     -9.9M    80.6 
  1913   321.1     66.0     34.1     94.8      1.4     31.2     39.2      5.3     38.0    364.0    273.1    283.2 
  1914    41.0      6.8     83.9     -9.9M    56.0      6.5       .0      6.6    171.6    382.7    247.2    346.5 
  1915   125.6     29.4      1.4    255.6     18.8     43.0     26.6     62.7     19.0    283.2    351.5     76.3 
  1916      .7      2.5     50.8    183.4    294.3     14.8    120.4    148.6    193.6    160.1    141.4     79.0 
  1917   224.4     77.5    122.1     70.0    110.1      8.6     98.4     97.2    189.6    295.7    307.3    134.2 
  1918   323.5      7.4    123.9    151.8    139.8      4.5     29.2       .0      1.0    343.9    397.9    228.3 
  1919    61.4     19.0    143.5    141.3     51.5     70.0     22.2       .5    175.1    195.4    295.0    320.5 
  1920    61.0     25.4     76.0    180.5     18.1     39.1       .0     14.7      8.2    150.8    592.4     97.0 
  1921   400.4       .0     71.1    190.7       .2     16.0     79.9     60.4     64.7    440.0    211.3    306.6 
  1922    30.4    194.7     12.1     55.9     18.8     44.9       .0      6.6       .0    296.7    468.9     78.3 
  1923   536.6       .0    114.0     82.9      2.9       .5     14.3     13.4     14.1    243.2    212.6    400.5 
  1924   117.7     14.1    119.7    144.0     76.0      7.1     20.0     31.9    265.5    214.2    213.3    108.4 
  1925   165.9     73.0    125.6    302.3     17.5     10.6       .2     20.2    112.8    152.1    205.1    192.3 
  1926   101.0      1.5    124.6    111.1    297.6       .0     99.6       .5    126.0    138.2    407.8     94.2 
  1927    65.3     85.3    169.8    224.2     76.4     10.4     16.2     69.4     89.8    118.1    152.5    109.5 
  1928   157.2     50.2     78.0    121.0     81.2       .0    119.6      3.3      3.0    145.6    449.0    169.4 
  1929    13.8      3.5     98.9    298.7     72.6     21.0       .0      5.8    348.6    176.3    324.3    113.6 
  1930    77.6     85.3    197.5    169.2    210.1      4.0       .0     28.9    105.7    391.7    169.6     95.5 
  1931   210.5       .0     35.2    262.3    128.1      5.5      1.2      2.4     43.5    336.2    303.3    465.0 
  1932    28.6    128.3     38.0    258.0    274.2       .0      4.8    173.2      1.5    335.4    271.3    141.2 
  1933   257.7     17.3     39.9    129.5    255.9     15.2     42.6    165.3    113.1     98.3    236.2     80.6 
  1934   341.6    102.6     82.2    249.3     45.1     17.6     35.5       .5       .0    187.6     81.0    121.9 
  1935    49.3     16.1    225.3     92.9     50.7      1.2       .0     15.0     70.7    201.7    256.9    261.4 
  1936    62.2     69.0    356.9     22.9    102.7     19.7     49.8      2.7    273.4    323.9    106.0    309.1 
  1937   209.5     22.7    160.2     83.9      1.7       .2       .0     85.3     55.3    193.0    340.4     87.2 
  1938   191.9     91.4    261.9    114.5      9.0       .0    173.1     10.7     19.6    153.5     54.5    174.4 
  1939   162.2     84.2     15.0    439.1     96.9      2.7      4.7    142.5     55.7    246.0    418.0    113.1 
  1940     1.7     24.9     94.8    262.6    134.8     16.6       .0      2.4    248.1    359.7    188.6    102.3 
  1951    -9.9M    83.3     59.1    181.4    155.7       .0     29.4     23.0    259.9    190.1    336.4     64.3 
  1952   189.2     32.9     70.6    210.1     15.1       .2     48.9       .0     65.0    179.5    123.9    112.4 
  1953    72.5     42.0     60.3    372.7       .0       .2    122.3     19.8     62.5    440.0    140.2    208.3 
  1954   163.9      2.2    258.1    293.3     68.2       .0     50.4     71.1      4.5    216.7    130.0    378.5 
  1955   149.9     30.4    119.7    378.7    113.1       .7     46.6    146.4    186.2    144.9    168.2     64.5 
  1956    59.7     31.4     44.6     63.6      7.5     47.1     12.4     11.3       .0     95.6    230.8    138.1 
  1957    50.2     88.4      8.4    159.8    219.3     14.1     32.8       .7     40.5    352.0    527.1    925.9 
  1958    61.3     33.4    146.9    136.2    108.7      5.2      2.2     56.6      6.8    180.3    197.3     84.7 
  1959   128.5     16.6     31.8    307.2    208.4     69.1     12.0       .0     95.7    204.7    369.1    161.8 
  1960    77.9    151.3     10.1    133.0     64.0      5.5    164.7      8.8     22.6    210.4    334.3     75.6 
  1961   213.1    113.3     39.1    133.8     69.6     61.6     20.6     -9.9M    19.8    258.9    211.9    223.0 
  1962   225.3     52.3     42.4    180.0     -9.9M     5.7      4.5     12.3     67.2    477.8    119.4    198.0 
  1963   347.8    104.7    130.5    184.0     74.6      7.7     58.0     14.7     57.2    151.5    374.3    436.1 
  1964    42.9     51.4    141.8    115.8     45.7       .5     69.0      8.6    112.5    305.5    193.7    146.7 
  1965    34.7     88.1     52.1    221.4    110.6      1.2       .7    217.2     20.7    360.1    394.1    321.6 
  1966   119.1      6.9     49.2    234.5     12.1       .0     11.3     85.0     84.0    236.2    252.7    168.8 
  1967    12.6     76.2     77.3     29.5     67.4      5.5      1.2      6.8     25.2    274.0    180.8    256.5 
  1968    38.7      1.0     45.4    154.8     16.6      9.7      6.7       .2     89.9    225.6     -9.9M    -9.9M
  1969    39.9     47.2     37.7    157.2     29.7       .2      2.4     88.5     34.2    519.2    148.7    382.9 
  1970    61.8     89.1     82.4    110.9    114.1      5.7      4.2     70.5     46.0    255.5    353.1    171.1 
  1971   198.7     99.7     25.1    230.6     42.8      4.7      1.4    168.2     85.6    239.0    132.4    487.9 
  1972    11.9       .0      1.0    137.9    175.2     13.9     26.2       .5     76.4    411.7    175.1    156.4 
  1973     1.0      5.0     62.0     68.6     45.0      6.3    104.4     55.7     70.3    110.9    139.4    342.4 
  1974     3.4     58.7     34.9    274.8     -9.9M     1.7      4.0     11.0     43.3     64.9     73.3    227.8 
  1975    52.9      6.8     91.5    124.5    163.1     17.9     41.0     10.9     68.9    140.9    232.6     68.4 
  1976     7.0       .2    180.1    137.9      1.2       .0      1.7      5.1     15.2    358.9    383.6    100.3 
  1977    16.9     54.3     25.1    126.7    238.2      5.3     19.1     13.0     47.2    450.5    235.6    164.1 
  1978    30.4      3.0     74.5    113.8     80.3      1.0     85.8       .8     31.9    178.6    363.5    231.6 
  1979    21.3     17.5     17.1    149.2     27.9     -9.9M    18.7     50.4    143.8    425.4    311.8    188.2 
  1980      .1       .0    112.1    184.1    103.8     22.1      2.6       .0    103.3    215.5    291.0     88.8 
  1981    46.7     19.3     53.8    151.7     74.1     13.8     61.2     85.8    146.0    165.1    159.7     82.6 
  1982      .0       .0    122.3    137.8     77.9     33.4      4.9       .0     76.8    255.9    177.5    147.4 
  1983     4.6       .0       .0     74.6    190.3     18.2     19.3     24.3     72.8    121.6    128.0    472.1 
  1984   289.7    527.5    156.1    169.9     26.3       .3     75.9       .0    161.2    114.4    286.6     69.3 
  1985   132.3     68.9     81.6     56.8    159.3      9.7     16.9     64.3    119.0     48.4    355.6    160.5 
  1986   199.9     17.2    148.7    122.7    110.0       .0      9.0     10.1     22.3    245.2    126.8    102.6 
  1987    49.7       .0     22.9    159.2    112.1       .0       .0      4.3    143.3    424.7    172.1     88.6 
  1988    14.8     41.7     16.0    302.5     24.2      7.1     86.7     67.1     88.8     88.8     -9.9M    -9.9M
  1989    35.5       .0     22.2     54.9     65.8     59.1    146.5      7.8    102.3    245.3    317.3     47.7 
  1990   208.9      6.3    185.1     58.2    180.1       .0       .2     78.1     49.0    271.7    107.8    153.1 
  1991    59.5     15.0     74.3    153.8    145.3     49.7     17.9      3.3     32.2    211.4    503.9    190.5 
  1992    10.1       .0       .0    168.3     81.0     20.0     33.1     12.3     60.0    140.7    230.3    183.9 
  1993    13.1      1.4     52.8    150.1     74.7      1.3     20.7       .0      2.1    405.8    403.9    453.0 
  1994   224.8    226.2     23.5    156.6     27.1       .1      5.9       .1     62.8    397.9    241.0     39.1 
  1995   114.1     10.7      5.9    194.0     77.9      1.7       .3       .9     -9.9M   205.5    167.5     19.3 
  1996    18.3     73.3      8.4    212.7      2.3     67.7       .5    129.0     42.8    256.8    167.5     89.0 
  1997     7.6      9.0     74.4    257.9     89.3     16.4     70.1       .0     62.4    188.2    271.7    283.3 
  1998    69.4       .0      8.6    100.9    268.3       .7     51.4     84.2      6.2    109.3    253.2    254.4 
  1999   150.0     96.1     42.6    142.4     11.9     14.4       .0       .0     85.9    282.0    199.8    167.6 
  2000   160.5    113.5     17.3     38.1     51.7      1.2       .5     31.0    121.0     88.7    390.0    232.4 
  2001   110.7     29.8       .0    274.1      1.8    173.1    101.9       .0     27.1    180.3    226.5    137.1 
  2002    56.4     63.7     64.5    142.0     11.7       .4       .0     60.5     17.7    220.8    301.9    320.8 
  2003   189.1     36.2     79.2    158.7     22.4     18.7     52.3     47.3    127.6    192.0    219.7     49.1 
  2004    48.5     13.8    105.6    238.1    127.6     16.9      3.1       .0    131.9    343.9    162.4    252.5 
  2005    49.6       .0     68.3    113.3     42.3      2.4     52.6     12.1       .0    314.7    339.0    104.5 
  2006   135.2     37.2    183.3     91.1     77.5       .0       .0       .0     23.7    357.8    287.6    131.0 
  2007   113.4     15.7     28.4    291.5      2.1     22.1     27.1      6.6     56.2    372.8    187.8    257.2 
  2008    61.5     97.5    297.2    197.6       .0       .0     10.7     59.8     17.8    271.4    150.1    321.9 
  2009    73.2       .0    121.4    157.4      8.3      6.7       .7     63.8      1.3     45.7    288.9    307.7 
  2010    40.4     13.4     26.8    251.3     62.4      2.6     16.4    149.6    263.3    134.9    376.5    327.8 
  2011   295.2    369.2     19.2     -9.9M    -9.9M    -9.9M    -9.9M    -9.9M    -9.9M    -9.9M    -9.9M    -9.9M
 
 
 
 
