 
 
 
 
                              STATION NAME : PUWAKPITIYA (AV-WELLA E)
                              LAT:  6.92N    LON: 80.18E    ELEV:  228.7M
                              ELEMENT : Precip,Total Mly in Millimeters         
                              Missing data values are coded as -9.9M 
 
  YEAR     JAN      FEB      MAR      APR      MAY      JUN      JUL      AUG      SEP      OCT      NOV      DEC
 
  1897    43.0    218.9    213.7    351.1    247.4    420.4    289.4    543.1    641.5    260.5    245.3     -9.9M
  1898    48.8    207.1    153.8    442.7    488.3    488.6    439.5    103.0    443.7    762.5    408.0    307.2 
  1899   102.1    115.7    105.7    444.8    491.5    554.0    165.0    138.0    149.3    416.0    350.5    117.4 
  1900   270.6     61.5    178.0    561.1    252.6    525.8    473.1    456.7    341.3    556.1    350.9     -9.9M
  1901   260.2    201.3    181.8    444.9    437.8    368.1    314.0    129.4    287.0    373.3    512.7    145.3 
  1902    66.4    206.5    297.4    599.5    648.3    332.1    349.2    263.8    348.6    614.7    800.3    328.4 
  1903   304.4    116.7     15.4    410.3    790.7    594.5    284.8    406.8    746.5    747.2    140.7     70.1 
  1904   302.0    108.0    103.2    249.6    509.5    596.5    389.4     15.5    322.0    677.2    114.8    165.8 
  1905   164.7    173.4     19.6    337.0    748.6    432.2    103.0    134.8    296.2    469.3    571.5     74.8 
  1906   139.1     28.1     62.3    106.7    260.0    238.8    164.0    213.7     55.3    949.1    372.7    197.8 
  1907    97.6     42.7    316.4    357.7    311.7    531.5    314.0    304.0    280.8    626.2    528.2    132.4 
  1908   239.5    144.5    403.5    336.6    401.4    354.5     -9.9M    95.3    355.9    404.1    110.7    249.6 
  1909   146.5    154.3    421.7    232.0    342.4    400.2    498.8    714.0     84.9    729.3    332.6    130.7 
  1910   103.0     48.6     93.2    312.1    224.0    516.6    265.5     80.4    274.9    791.2    511.4    284.6 
  1911   202.0     62.8     -9.9M    96.3    289.8    463.2    179.0    130.3    252.2    905.9    455.4    289.5 
  1912    61.5    102.0    265.7    501.9    609.6    596.7    214.0    178.1    285.4    679.5    405.0    340.2 
  1913   327.6    163.8    122.8    355.1    397.1    213.3    204.4    125.1    201.7    456.9    428.7    362.0 
  1914    42.3     51.3    180.7    206.3    242.3    472.7    116.7    103.6    295.1    511.5    344.7    298.8 
  1915   318.2     17.4    215.6    385.6    333.6    633.6    638.3     46.3    440.7    161.0    643.9    236.0 
  1916     2.2     16.6    519.1    304.5   1122.1    368.8    750.0    321.0    256.5    362.4    517.3     47.8 
  1917    68.8    306.0    328.1    304.7    269.0    287.0    156.9    219.4    684.5    299.0    469.8    249.9 
  1918   193.2     76.8    282.5    181.8    460.5    453.0    365.3    161.8     69.4    342.4    261.5    506.8 
  1919   186.5     45.6    204.7    233.0    813.1    154.8    255.1    158.0    713.6    453.1    564.0    124.7 
  1920   126.5    125.2    373.9    804.1    275.6    725.6    174.3     72.1    271.1    363.2    478.3    319.0 
  1921   287.3     37.3    190.3    309.0    568.7    184.5    231.7    362.8     92.0    549.3    295.5    209.7 
  1922    95.9     87.3     95.7    210.0    453.7    504.1     99.3    118.7    152.5    268.2    572.6    120.0 
  1923   279.4     13.6    334.1    288.1    265.4    513.0    466.3    517.0    734.0    687.9    490.0    412.6 
  1924   216.7    112.9    303.5    173.1    512.6    345.4    459.0    335.0    622.0    350.4    370.9    290.9 
  1925   242.5    177.6    489.8    208.3    349.1    438.7    200.1    164.9    418.7    512.2    701.8    223.4 
  1926   260.3     32.9    226.7    291.7    732.8    655.3    488.8    245.7    378.8    511.9    178.6    218.1 
  1927   161.3    157.0    242.4    403.4    996.1    427.0    148.4     79.8    390.9    329.1    311.2    189.7 
  1928   201.1    213.2    185.0    390.5    197.0    390.0    252.1    203.7    124.9    779.1    533.0    233.5 
  1929   175.2    126.5    206.8    729.5    438.1    445.6    185.5     13.4    203.1    448.3    310.2    214.2 
  1930   231.1    154.6    212.1    291.6    716.6    377.9     71.8     95.4    269.4    721.0    419.6     74.3 
  1931   132.8     80.5    244.6    154.5    498.2    554.0    514.4    483.6    270.5    116.1    591.4    289.8 
  1932      .0    209.8    238.5    498.4    615.7    178.4    107.0    484.3    251.3    595.0    586.7    177.4 
  1933   265.3    214.7    219.4    254.0    659.8    487.9    357.8    384.4    270.8    519.6    348.2     58.6 
  1934   312.6    129.2    446.2    364.1    223.7    655.8     74.9     51.0     48.1    654.0    551.0    158.9 
  1935   149.2    178.9    353.5    231.3    400.0    421.5    115.4    369.8    208.4    511.9    406.4    229.4 
  1936   123.2    183.6    301.8    135.2   1113.1    269.0    304.9    118.8    438.6    365.0    578.4    334.8 
  1937   276.5    288.7    301.3    360.7    957.3    282.6    209.9    245.9    436.0    443.7    509.9    344.8 
  1938   130.9    422.5    387.5    591.4    289.8    159.1    256.3    286.7    367.8    195.5    115.5    174.1 
  1939   205.4     18.5    103.1    360.2    459.6    433.0    384.8    403.5    243.6    526.9    484.5    219.0 
  1940     1.9     15.2     46.5    520.8    656.4    425.2    184.4    274.3    192.9    607.4    653.9     91.8 
  1941   242.1    117.7    277.6    187.3    493.8    389.0    175.1    517.4    535.4    507.0    731.8    110.8 
  1942   105.8     91.0    443.5    377.4    501.9    459.8    251.6    328.8    170.8    474.3    173.2    337.7 
  1943   118.7     38.7    112.2    356.5    775.5    419.3    121.8    252.4    218.5    612.6    599.5    544.2 
  1944   165.4    305.2    380.9    261.9    647.4    382.5    113.8    276.5    655.7    578.1    390.9    183.8 
  1945    12.3     82.2    394.5    131.3    196.7    422.3    148.9    125.4     88.7    749.2    300.2    165.0 
  1946    24.5    185.8    226.6    581.7    226.8    434.3    258.9    378.5    330.1    402.4    616.6    723.9 
  1947   196.0     55.8    244.4     83.2    179.8    383.3    335.9    709.4    326.6    520.3    237.5    172.7 
  1948   182.8      3.5    383.6    219.7    295.2    540.3    171.3    158.0    155.7    419.9    422.0    416.4 
  1949   152.1     29.6    159.1    373.3    533.7    535.9    469.0    549.4    154.8    544.4    238.9    156.5 
  1950   124.7    179.7    157.7    227.3    229.5    273.3     -9.9M   182.6    259.6    460.4    245.8    222.5 
  1951   184.6    117.2    415.8    440.1    623.2    394.5    389.1     22.8    455.5    472.1    526.2     49.3 
  1952   240.8    245.8     93.1    718.1    551.3    243.3     56.6    135.5    140.5    646.9    239.4    242.6 
  1953    70.7    210.2    412.7    313.2     21.4    143.2    824.5    140.5    179.6    660.7    246.1    292.7 
  1954   144.3    160.9    718.1    495.9    432.0    110.0    122.3    338.3    112.2    721.0    222.7    681.7 
  1955   154.8    226.9    381.4    342.3    722.3    481.5    282.3     85.8    585.2    725.4    559.3     25.2 
  1956   155.8     60.5    355.4    317.0    229.9    393.1     27.8    192.8    377.1    596.2    436.9    135.6 
  1957   106.4    153.7     71.5    494.4    533.8    541.8    320.6     96.8     54.3    302.2    899.4    529.5 
  1958   200.1     73.1    651.9    486.0    565.7    431.4     60.7    302.2    165.4    539.3    562.0    215.0 
  1959    68.6     90.3    136.7    472.7    490.5    669.1    344.8    278.5    461.8    328.7    410.5    212.5 
  1960    64.4    240.9    134.0    541.0    440.2    286.2    433.0    105.7    368.7    286.5    397.1    132.9 
  1961    77.4    195.1    292.9    417.6    586.1    277.4    295.6    428.8    353.6    380.1    426.0    477.3 
  1962    68.5     97.8    229.6    548.3    725.3    276.8    313.9    360.9    536.0    599.7    391.7    164.0 
  1963    90.4    396.3    341.6    513.9    606.1    410.6    675.7    327.7    693.2    498.6    718.9    286.4 
  1964    71.6    196.5    339.9    339.3    701.7    345.6    725.7    188.4    356.4    378.4    413.4    312.1 
  1965   105.8    144.9    200.5    537.4    827.2    178.8    173.6    543.0    455.8    470.9    510.0    397.8 
  1966   278.5    145.2    231.6    990.8    254.8    220.5    258.1    192.8    694.8    619.1    254.9    254.9 
  1967   117.0    144.3    259.7    311.7    452.0    667.1    289.5    343.1    400.2    658.2    444.9    387.6 
  1968    99.9     17.7    287.1    438.0    440.3    646.0    435.2    118.7    507.9    444.0    475.8    284.7 
  1969   118.1    226.2     92.7    414.1    986.6    232.9     26.7    316.5    280.7    552.6    219.2    564.7 
  1970   200.5    255.0    290.7    485.7    522.9    357.5    467.0    209.6    351.1    670.5    243.3    256.2 
  1971   150.5    174.4    182.2    447.9    414.4    353.5    204.0    399.8    566.8    489.0     90.9    236.2 
  1972    34.1     37.3    199.6    254.1    601.3    340.3    164.6    111.6    334.8    524.2    548.6    102.4 
  1973    65.1     59.9    396.9    343.3    427.4    368.9    314.3     -9.9M   131.2    451.9    377.1    227.0 
  1974      .0    226.9    284.3    663.8    611.3    273.4    415.9    283.9    571.6    130.5     78.2    253.0 
  1975    42.4    126.7    477.7    616.5    538.4    364.2    221.5    294.4    496.0    475.9   1090.5    146.6 
  1976    63.3     10.9    434.9    326.0    127.9    159.0    168.0    260.7    141.4    444.6    418.9    560.8 
  1977    56.6    197.9    480.8    440.6    814.4    426.3    192.6     90.0    240.8    746.2    328.1    122.3 
  1978   164.2    161.6     -9.9M    -9.9M    -9.9M    -9.9M    -9.9M   220.3    247.6    324.3    471.7    217.0 
  1979    61.0    191.1    108.4    365.6    192.1    446.3    182.1     94.8    631.3    427.9    431.4    259.3 
  1980      .0       .0    109.4    426.7    318.8    262.8    215.0    247.6    312.1    406.5    674.3    264.5 
  1981   103.3     98.9    263.3    269.6    500.5    365.7    175.1    182.9    363.8    478.7    612.0    234.1 
  1982    11.6       .0    289.0    510.8    736.3    604.4    307.3    289.1    196.0    750.2    738.2    106.3 
  1983    88.8       .0      7.2    106.8    209.6    272.5    229.1    315.0    483.3    103.4    459.3    405.7 
  1984   159.8    285.0    411.8    539.3    625.0    416.0    237.4     28.5    274.6    256.9    550.9     42.5 
  1985   187.6    326.4    225.0    142.2    563.9    620.2    106.7    267.0    293.8    711.6    488.3    228.5 
  1986   101.0    200.3    152.5    285.3    323.1    139.3     71.9    191.3    329.4    267.0    233.6    256.2 
  1987   145.6       .0     41.1    289.9    311.3    285.9      4.3    377.4    163.2    818.1    394.3     51.4 
  1988      .0    332.1    376.1    350.2    261.6    433.9    304.8    531.0    544.9     98.4    397.4    102.1 
  1989   111.1       .0     99.6    372.3    361.4    355.2    423.1     79.6    310.3    439.3    403.0    116.1 
  1990   188.9     30.0    298.4    121.6    348.5    223.8    327.0      7.8     10.1      4.8    100.1      4.8 
  1991     1.6      1.2      2.9     -9.9M    -9.9M    -9.9M    -9.9M    -9.9M    -9.9M    -9.9M    -9.9M    -9.9M
  1992    -9.9M      .0     -9.9M    -9.9M     6.9     -9.9M    -9.9M    -9.9M    -9.9M    -9.9M     6.0     -9.9M
  1993      .6       .2     45.6    454.5    396.0    259.0    235.2     90.6    568.1    714.8    413.9    394.9 
  1994    12.0    310.5    165.3    320.1    525.9    111.2    149.9    132.4    387.9    687.1    481.3     75.1 
  1995   305.2     77.8     75.0    997.1    533.1    736.6    139.0    263.7    308.8    507.2    294.6     10.0 
  1996   111.7    258.0     41.0    384.6     73.5    374.9    175.7    225.3    554.8    338.0     -9.9M   125.5 
  1997    17.5     86.3     87.4    251.0    435.9    271.1    411.9    126.7    552.9    783.2    996.8    479.7 
  1998   231.4     16.2     40.5    362.1    489.0    409.0    497.5    405.4    499.4    690.3    417.7    417.0 
  1999   146.0    340.1    156.0    655.0    537.2    258.6    182.3    221.4    298.9    624.0    418.9    232.8 
  2000   289.9    241.7    232.9    175.3    358.4    275.1     58.3    418.5    629.4    326.4    258.0     85.8 
  2001   287.6    169.9     65.7    537.3    332.5    236.6    199.4     34.0    388.2    375.9    291.7    160.3 
  2002   156.2    140.9    235.8    946.1    473.6    339.0     95.0     84.1     27.1    469.7    536.3    284.0 
  2003   221.5    148.7    362.3    329.7    331.5    417.6    468.7    296.6    306.4    283.2    335.0     62.7 
  2004    53.6     32.0     76.6    287.4    478.9    258.9    466.3    170.4    636.0    548.6    550.4    260.9 
  2005   117.0     63.5    303.1    335.7    107.6    373.3    231.3    152.0    227.4    487.4     -9.9M   272.8 
  2006   312.9    160.0    312.0    207.7     -9.9M   394.0     -9.9M   453.6     -9.9M    -9.9M    -9.9M    -9.9M
  2007    -9.9M    -9.9M    -9.9M   394.1    233.2     -9.9M    -9.9M   191.1    514.3    466.3    357.4     -9.9M
  2008    -9.9M    -9.9M    -9.9M    -9.9M    -9.9M    -9.9M    -9.9M    62.0     72.0    105.4    134.0     66.0 
  2009     5.9      6.0     72.0    120.9    223.0    329.7    215.3    156.0    338.1    420.2    339.2    300.6 
  2010    54.0     54.0    227.0    471.9    588.8    292.2    181.7     68.0    600.7    251.2    488.5    259.3 
  2011   109.3    116.5    101.0    655.6    413.3     -9.9M    -9.9M    -9.9M    -9.9M    -9.9M    -9.9M    -9.9M
