



                              STATION NAME : COLOMBO                 
                              LAT:  6.90N    LON: 79.87E    ELEV:    7.3M
                              ELEMENT : Precip,Total Mly in Millimeters         
                              Missing data values are coded as -9.9M 
 
  YEAR     JAN      FEB      MAR      APR      MAY      JUN      JUL      AUG      SEP      OCT      NOV      DEC
 
  1869    -9.9M    -9.9M    -9.9M    -9.9M    -9.9M    -9.9M    -9.9M   189.6    124.6     94.3    355.4    144.2 
  1870    84.7     11.4    310.3    160.8    169.3     67.3     58.9    124.0     97.7    818.2    346.6     93.1 
  1871    74.8     19.4    179.5    195.5    152.4    159.2     63.1     34.8     39.4    204.6    279.0    171.5 
  1872    34.4     23.4    151.5    253.4     71.0     27.3     25.2     89.7    159.5     78.3    316.5     51.3 
  1873     1.0     91.1    183.2    138.0    529.2    122.2     87.0     42.8     25.1    235.5    204.9    108.5 
  1874    52.2    113.4     37.9     64.6    312.3    105.5     58.3     23.6     22.9    254.4    230.2     77.7 
  1875    -9.9M      .0    118.3    485.0    314.7    398.5     74.3     83.2     68.5    249.9    360.0     56.9 
  1876   113.7       .0    117.5    357.3    610.2    108.6     46.0     13.3     34.7    486.8     72.3    102.8 
  1877    46.6      5.0     71.6    113.6    277.6    340.2     84.5    145.4    498.3    281.1    416.2    391.6 
  1878   318.6      3.5     21.1    107.0    559.8    506.0    530.5    487.4    165.7    430.3    110.2    111.2 
  1879    58.0     78.1    237.2    367.2    268.0    150.4    179.9     16.9     25.9    237.3    371.7    144.8 
  1880    -9.9M    -9.9M    -9.9M   390.2    162.5     15.1     74.3     23.6     28.4     86.6    452.0     79.7 
  1881   122.0       .0    109.9    243.2    161.5     62.8     55.9    156.2    184.1     -9.9M   729.1    216.7 
  1882    70.5     82.9     51.9     48.3    323.7    167.0    326.7     57.2     53.7    296.7    420.7    209.4 
  1883    59.1     42.7    142.0    223.4    471.5    296.6     79.8    478.1     83.6    356.0    223.2    185.7 
  1884     1.5     22.8     46.3    135.4    261.4    185.1     51.2     24.7    138.2    341.9    449.6    362.5 
  1885    43.9     18.8    144.6     90.2    233.2    476.9    104.8     66.9    100.0    408.2    317.1    159.3 
  1886    61.3      7.3     98.2    183.7    565.1    230.6    199.3     43.9    204.5    407.1    163.2     59.3 
  1887    60.9     55.6     42.0    603.2    358.2    166.1     29.8    124.9     12.0    339.7    165.4    176.3 
  1888      .5     82.9     41.4    729.9    407.1    229.1     24.8     28.2     83.6    399.6    359.5    174.8 
  1889   146.5      9.6     41.9    384.6    395.0     58.4    187.6    120.2    636.1    379.9    260.7    133.1 
  1890    20.1    110.3    134.6    361.3    163.8     46.9     83.9     18.0     37.3    337.9    311.9    214.5 
  1891    36.7     71.5    238.9    154.9    447.3    247.9    116.1     41.1    111.4    894.1    466.0    193.5 
  1892    85.4    134.7     38.4    352.7     75.6    167.5     18.8     46.6     23.0    309.9    148.6     20.7 
  1893   137.4     59.3    138.1    517.0    260.7    278.9     55.3     25.1     50.0    140.9    458.5    155.2 
  1894    15.5     12.9    188.4    316.9     75.5    286.7     43.2     21.4     20.5    527.5    294.5     82.0 
  1895   126.4     20.4     45.5    236.0    255.2    354.3     13.0     23.0    102.8     -9.9M   147.5    216.3 
  1896    75.3      8.8    142.6    149.9    235.8    211.9     72.0    162.1    278.0    424.9    501.9    297.7 
  1897    96.9       .0     92.4    278.1    209.7    256.5    132.1    231.1    115.2    118.9    295.5    224.9 
  1898    58.4     50.0    106.5    578.0    146.1    276.8    155.5     24.2    174.3    522.0    440.3     76.7 
  1899   176.8     70.4     22.1    153.5    449.3    233.2     27.8     15.5     37.2    331.2    217.4    112.4 
  1900    94.1     -9.9M    93.8     -9.9M   269.3    147.3    145.9    186.1     93.4    224.4    386.4    131.6 
  1901   301.8     84.7    121.0    221.6    177.9    149.7    114.0     11.4     99.6     98.7    553.5     91.1 
  1902    49.4    115.9    178.5    253.7    304.3    248.8    116.9     -9.9M   204.4    797.8    514.4    154.3 
  1903    94.4    100.1     63.9    208.1     -9.9M    -9.9M    -9.9M    -9.9M    -9.9M    -9.9M    -9.9M    55.5 
  1904   128.9     51.9    160.9    136.5    234.4    239.8    226.2      9.0     44.8    555.7     85.9     53.5 
  1905   104.0     -9.9M    -9.9M    -9.9M    -9.9M    -9.9M    31.0     14.6    273.2    375.0    129.3     12.0 
  1906   159.3     21.5    111.7     -9.9M   175.5     92.3    111.6    148.2      1.2    399.9    305.2     47.2 
  1907    20.7     97.5     26.3    155.7    137.7    162.8    220.5     44.1     84.5    372.6    429.7     32.5 
  1908   106.2     39.7    113.4    275.2    227.9     78.0     35.4     61.6     64.3    336.0     89.3     27.2 
  1909    41.8     25.7     90.7     84.6    143.3     91.4    261.2    188.7     26.7    412.1    255.5     28.5 
  1910    23.9     25.1     21.2    118.9     58.1    106.1     71.4     20.8     54.0    426.6    144.3     85.3 
  1911   147.8     18.9      7.8     18.3    253.1    145.3     69.5     34.1    121.9     -9.9M    -9.9M    -9.9M
  1912    -9.9M    57.1     36.7    268.1    474.4    481.9    116.0     44.8    109.5    446.6    310.8    144.7 
  1913   210.9     28.6    204.6    308.8     -9.9M   125.3     -9.9M    15.9     86.3    163.3    297.9    298.2 
  1914     3.0     39.5     -9.9M    95.5    364.8    264.4     95.0     37.5    104.6    405.6    303.2     73.4 
  1915    37.1    137.4    128.4    119.6    278.6    206.3    319.9     14.2    181.1    358.0    637.5     37.5 
  1916     7.8      1.7    112.9    282.9    790.4    201.4    342.8    123.9    111.8     81.7    203.5     51.3 
  1917   186.0    106.4    252.6    121.1    141.7    141.5     68.3     57.2    324.3    106.8    279.9    108.6 
  1918    84.5      2.5     46.8    114.7    282.1    126.9     78.3     52.0     26.4    373.8    128.8    112.2 
  1919   109.4      8.5     84.8    150.7    507.2     90.4    107.0    112.8    424.0    315.5    225.0    235.1 
  1920    20.7     71.0    142.4    374.3    219.6    441.7     63.8     23.4     51.2    386.9    365.6    111.7 
  1921   191.0      4.8    123.9    227.0    128.2     37.4    126.8     81.7     23.5    213.3     87.2    100.0 
  1922    53.5     53.6     41.0    210.0    587.2    249.4     68.3     27.7     34.1    276.4    544.2     90.1 
  1923   173.9       .2     82.1    189.3    113.3    201.2    315.0    206.4    344.4    336.7    222.4    228.2 
  1924    64.9     67.4    288.0    225.0    550.9    176.2    348.3    114.4    380.2    368.7    243.2    274.5 
  1925    89.3    177.9    185.4    404.5    202.2    305.7    145.4    121.5    309.6    347.6    639.5    321.2 
  1926    62.4      3.5    145.2     63.8    657.8    339.8    300.2    108.7    238.4    309.8    259.0    125.4 
  1927   143.3     92.7    149.2    278.8    562.5    218.1     72.2     12.8    257.4    256.1    187.7     92.0 
  1928   158.6     70.3    116.8    252.6    207.7    253.0    142.1     50.2     35.8    596.3    445.5    222.2 
  1929   167.4     44.9    168.5    472.9    391.7    243.5     50.2      7.7    253.5    119.4    235.7    126.3 
  1930   145.7     49.7     67.6    342.8    630.7    336.1     27.9     48.5    166.2    846.6    246.3      6.8 
  1931   107.5     88.0     46.8    237.7    298.5    267.9    306.5    230.2    140.0    177.8    398.8    391.1 
  1932      .0     90.9     65.5    285.5    745.2     41.7     39.2    430.4    180.9    779.3    369.8    144.9 
  1933   166.1     65.6     60.9     81.9    424.4    255.8     -9.9M   280.0    104.1    213.0    220.8     29.2 
  1934   309.5     70.9    191.5    431.9    220.4    461.6     21.1     36.5     56.0    535.0    522.6     51.9 
  1935    17.3     70.3     95.0     93.0    358.9    288.2     70.9     -9.9M   190.0    602.0    302.2    250.8 
  1936    63.9    103.0    133.7     72.2    866.7    148.2     47.2     28.4    204.7    270.6    402.4    201.1 
  1937    86.4    182.0    163.9    268.1    474.8    155.9    100.3     54.0    379.6    246.7    456.2     66.6 
  1938    43.7    151.0    282.1    394.2    151.0     48.5    103.5    119.9    144.9    122.7     96.8    116.9 
  1939   167.3      1.2     85.8    269.9    329.8    157.8    218.0    171.4    125.5    324.6    499.6    106.9 
  1940     4.0     35.7     23.9    255.6    286.0    200.3     76.5    106.9    211.1    441.1    431.8     46.7 
  1941    30.5     77.1     19.3    200.5    191.9    212.9     84.3    151.5    238.9    385.0    348.3    167.2 
  1942    67.1     43.8     94.8    271.6    453.4    193.6     75.5    144.7     46.4    173.1    110.0    380.6 
  1943   113.4    105.3    118.7    181.1    421.3    213.9     68.2     85.5     54.7    345.8    344.2    217.6 
  1944    54.8    199.6    124.7    152.8    240.1    176.6     79.7    187.9    197.2    377.4    344.7     45.7 
  1945      .2     10.9    210.3    128.7    227.6    386.1    158.0     31.3     51.6    603.5    186.3    103.9 
  1946     9.0     48.0    129.1    322.3    167.6    160.1    113.4    112.2    148.2    335.6    396.7    480.4 
  1947    78.9     42.0    163.3    121.8    456.8    266.6    178.6    233.6    185.1    289.0    145.1    134.4 
  1948   114.3      4.2     66.5    288.5    166.6    292.2     67.8    166.8     54.7    226.5    311.9    132.0 
  1949    37.0      3.5    154.0    583.2    327.4    315.3    164.7    121.4     76.2    330.6    220.3     84.8 
  1950    20.6    269.0    193.6    116.4    258.1    159.3    176.9     92.0    119.1    412.4     71.2    108.0 
  1951   137.5     25.4    157.8    164.8    558.9    237.6    278.8      3.5    329.4    196.4    590.1    149.5 
  1952   205.7    118.4      6.8    210.9    306.1     -9.9M     7.1     10.8    213.4    279.7    317.1    167.0 
  1953    96.3    182.9    240.3    657.1     20.3    251.0    528.9     46.9     89.2    650.9    383.1    121.1 
  1954   186.4    140.8    247.4    520.7    350.1     46.0     84.6    146.0    102.9    329.4    120.3    353.6 
  1955   179.0    168.4    140.6    176.3    320.4    146.1     93.6     28.3    402.5    409.5    310.7     64.1 
  1956   108.6     56.9    160.5    291.2    117.1    124.7     10.9     87.7    220.1    361.2    285.3    181.7 
  1957    63.0    102.4      4.4    136.4    507.8    250.5    149.7     23.0     17.9    230.7    441.1    547.3 
  1958    73.3    176.4    130.4    200.2    478.1    219.4     37.5     77.8     47.9    354.5    269.9    163.4 
  1959    44.5     68.0     13.0    466.7    306.4    312.8    186.6    179.8    231.7    251.0    268.8    168.0 
  1960    46.8    173.3     69.4    198.8    356.9    126.1    467.1     42.0    115.6    352.7    425.5     53.3 
  1961    30.3     49.0    268.9    467.9    510.7    222.9    224.7    230.4    426.7    484.2    503.8    260.3 
  1962    79.2     38.7     98.1    281.9    493.9    131.1    109.6    435.2    200.1    417.0    220.2     85.0 
  1963    75.1    221.8    120.8    328.8    547.0    184.0    393.7     78.6    534.5    707.5    435.9    306.8 
  1964    42.7    173.3    121.9    156.6    507.0    136.4    171.8     65.5    129.3    463.7    199.0     72.6 
  1965    42.4    105.4     48.7    355.0    609.7     74.7     54.6    131.3    227.6    507.2    220.2    227.3 
  1966   166.2     25.7    223.4    334.5     -9.9M   135.6    102.2     28.7    551.3    387.9    218.0     87.2 
  1967    15.8     75.5    114.9    108.4    593.5    156.5    239.0    152.0    256.6    619.5    319.5    347.3 
  1968    93.3     13.5     86.5    224.7     97.8    270.9    271.3     47.3    151.2    200.5    285.1    120.6 
  1969   153.9     76.8     58.4    286.4    562.1     85.6     26.2    212.4     55.7    559.2    255.5    427.2 
  1970    95.2     95.9    170.6    441.0    602.5    129.3    242.6     27.8    201.9    307.7    476.1     60.1 
  1971    85.2     69.4     85.9    246.5    195.1    218.8    108.6     94.1    366.1    386.5     86.6    180.7 
  1972    15.5       .0     68.3    157.0    467.1    146.1     42.1     61.3    197.5    463.2    315.1    163.7 
  1973    10.5     43.2    110.8    254.0    317.5    250.3     91.9     56.5     40.5    416.3    411.1    244.4 
  1974      .0    148.5     62.7    562.1    488.8    271.1    193.5    108.1    210.5    127.2    158.5    189.8 
  1975    20.5     29.2    151.2    490.8    298.3    303.5    152.4     68.5    270.9    124.9    580.4     73.7 
  1976    20.0       .0     67.2    140.8    208.9     87.8     72.3    192.7     29.3    527.6    475.2    274.3 
  1977    11.2    116.1    356.8    133.3    750.7    218.5     51.2    119.7    145.9    871.2    188.4     51.4 
  1978     6.2     11.3    147.0    151.3    565.1    110.1     87.7     27.9    103.1    187.0    387.2    170.6 
  1979     3.2    124.8     77.9    225.8    143.0    244.0    111.7     50.5    453.7    254.5    466.9    294.6 
  1980      .6       .0     29.9    228.1    214.8    277.9     35.7    141.5    176.2    451.9    267.0    172.3 
  1981   117.4     93.3    102.5    199.7    441.3    182.4     34.5     79.9    120.1    193.1    460.2     54.1 
  1982     4.1       .2    311.8    108.8    323.7    195.0    160.9    123.6    104.9    186.6    434.9     51.0 
  1983      .0     43.0     60.3     83.0    336.5    118.6    163.1     94.0    291.5     94.8    241.7    223.6 
  1984   211.5    179.6    162.5    254.0    491.0    176.8    127.8      4.9    339.3    161.3    360.2     24.2 
  1985    83.5    160.8    116.1     76.3    253.1    316.9     19.6    111.2    275.7    343.4    244.9    230.9 
  1986   144.9     78.4     81.4    216.8    230.9     63.8     10.5     76.2    128.4    163.0     58.9    203.4 
  1987    98.4       .0     73.2    179.3    198.4    116.3     12.0    404.8    509.6    506.5    217.4    136.0 
  1988     3.0     63.6    206.4    185.0    146.2    352.7    101.8    122.4    374.3    117.9     -9.9M    -9.9M
  1989    35.8      6.0    146.3    332.9    399.1    217.2     -9.9M    -9.9M    -9.9M   450.4    284.7     31.5 
  1990   182.7     36.9    184.0    366.9    324.3    184.1    206.3     17.9     29.6    374.1    255.8    178.8 
  1991    78.8     55.2    146.4    142.1    317.4    309.9    121.0     88.8    112.4    353.1    292.7     79.1 
  1992    19.8      3.5       .8    151.5    488.7    602.3    218.1     70.9    323.0    216.7    401.5     78.4 
  1993      .6     15.5     99.7    235.3    682.9    114.7     38.9     38.6    345.4    502.0    305.4    268.0 
  1994    84.7    117.4    134.4    101.4    480.1     81.7    104.7     73.4    370.3    477.0    427.4     30.5 
  1995    92.3     12.9     30.7    374.6    446.5    369.3     93.9    135.9     -9.9M   320.8    405.7     19.2 
  1996    97.9    102.1       .2    291.9    126.5    129.6    209.7    206.6    282.8    305.9    239.2    168.6 
  1997      .0     70.0     25.9     92.2    274.2    197.0    187.0     69.2    417.3    618.7    440.3    138.2 
  1998    57.9       .0     36.4    119.8    199.3    256.3    482.2    127.8    209.0    304.1    267.3    327.6 
  1999   165.1    132.2     62.6    617.9    326.6    102.4     96.2    106.5    278.1    530.2    297.4    173.0 
  2000   102.4    177.9     79.3    168.5    207.5    229.8     31.6    249.0    312.3    282.6     52.0    119.5 
  2001   187.3    142.4     81.3    243.9    205.1    173.6     73.1      2.5    263.6    166.4    229.8    163.6 
  2002    46.1     96.4     42.3    296.4    372.0     69.0     18.2     42.5    140.3    445.2    299.5    231.8 
  2003   137.5     89.3    164.0     95.9    284.8    181.6    185.7     77.1    247.8    185.3I   374.4      6.6 
  2004     8.5     60.1     30.9     70.9    232.8    191.3    124.8    138.4    356.7    363.0    264.1    116.6 
  2005   167.0      8.6    120.3    212.4    285.6    220.2    165.8     21.8     85.3    504.0    760.4    262.6 
  2006   126.9    156.9    266.6    103.4    193.1    183.1     96.8    270.6    129.0    619.9    524.7     51.9 
  2007    91.1      9.9     60.5    374.1    432.4     79.9    106.6    260.5    129.3    292.1    128.8    119.6 
  2008    30.6    118.5    293.7    435.9    170.6    250.5    185.8    140.1    155.2    491.6    140.9    208.7 
  2009   117.9      4.9    209.1    359.5    103.5    156.7    113.6     92.5    172.3    206.6    448.4    149.4 
  2010    21.0      4.5     72.3    482.9    727.8    200.4    117.8     14.7    306.6    158.3    971.5    292.1 
  2011    61.7     33.7    149.5    354.3     -9.9M    -9.9M    -9.9M    -9.9M    -9.9M    -9.9M    -9.9M    -9.9M
 
 
 
 
