



                              STATION NAME : DENIYAYA (ANNINGKANDA)  
                              LAT:  6.35N    LON: 80.62E    ELEV:  533.5M
                              ELEMENT : Precip,Total Mly in Millimeters         
                              Missing data values are coded as -9.9M 
 
  YEAR     JAN      FEB      MAR      APR      MAY      JUN      JUL      AUG      SEP      OCT      NOV      DEC
 
  1884    -9.9M    -9.9M    -9.9M    -9.9M    -9.9M   212.5    127.3     -9.9M   206.2     -9.9M   417.8     -9.9M
  1885    33.1     -9.9M   244.4     51.8    209.5    565.6    147.4    151.4    168.8    324.8    671.5    275.6 
  1886   275.3     50.3    396.7    284.5    455.5    292.6    192.7    182.7    399.8    293.8    196.1    264.7 
  1887    93.0    119.3    219.6    528.5    201.0    269.8    168.6    236.0    101.7    463.9    552.0    486.4 
  1888   165.2     71.4    151.7    181.5    257.0    709.8     84.5    174.1    110.0    401.6    437.8    135.8 
  1889   217.2    223.8    605.5    347.3    321.4    224.0    341.5    203.6    361.2     -9.9M   419.9    382.9 
  1890   102.7    194.4    115.1    375.7    125.8    139.2     88.8     56.0    172.3    251.8    540.9    336.7 
  1891   141.4    110.8    352.9    371.1    566.5    474.1    114.4     -9.9M   375.8     -9.9M   248.3    477.9 
  1892   358.1    326.5     66.7    182.9    178.2    141.2    125.5    147.0     -9.9M   424.4    790.0    163.7 
  1893   256.0     57.2    191.3    285.5    347.6    320.6    191.2    172.7    141.3    386.2    697.4    298.1 
  1894   207.9     65.4    371.5    472.6     14.1    265.6     74.4    172.2    257.9    351.1    549.1     -9.9M
  1896   376.0     57.4    301.9    343.5    209.7    286.5    171.4    151.8    293.8     -9.9M    -9.9M   475.3 
  1897    29.4    253.3    465.7    474.5    210.1    319.7    147.3    349.3    506.2    102.0    477.8    536.3 
  1898   156.4    228.1    125.5    299.5    374.6    257.8    274.0     36.2    226.2    327.4    373.1    215.9 
  1899   211.4    205.9    212.2    312.4     -9.9M   455.7    163.7    198.6    155.8    492.5    320.7    451.0 
  1900   175.8    204.0    136.4    594.5    190.7    777.2    428.7    573.6    375.7    777.1    651.2    299.6 
  1901    -9.9M   256.1    104.4    243.2    245.3    498.2    275.0     81.5    197.0    283.4    392.4    214.1 
  1902   354.0    141.4    122.4    687.9    251.8    370.8    275.8    360.2    662.1    730.1    449.9    254.2 
  1903   448.2    211.1     47.2    360.3    442.7    641.3    441.9    214.5    480.6    437.6    374.4    665.6 
  1904   283.6    353.3    237.0    186.5    390.1    698.5    380.2     31.5    451.9    371.5    409.3    210.2 
  1905   256.9    295.2     99.1    466.9    643.7    415.8    119.8    198.9    382.4    264.7    726.8    112.1 
  1906   246.3    242.6    386.5    414.0    118.7    289.0    332.7    261.5     87.9    999.4    512.0    595.1 
  1907   469.2    230.1    306.9    519.0    167.0    239.3    129.5    153.0     86.6    471.0    408.2    270.8 
  1908   150.8    191.1    349.4    326.5    233.6    194.6     93.9     91.6    491.0    247.2    327.6    249.8 
  1909   146.2    302.6    349.7    419.3    208.8    327.1    254.5    301.6    195.3    246.8    176.6    274.7 
  1910    82.3    286.4    182.1    220.9    151.9    194.8    210.3    116.0    201.8    230.7    345.2    333.1 
  1911    92.1    107.6    176.6    146.2     99.4    374.5    192.1     70.0    498.0    442.3    285.5    455.6 
  1912   125.5    182.5    190.5    317.9    493.7    428.0    258.1     90.1    142.2    524.6    330.4    413.8 
  1913   394.9     90.7    374.0    178.5    154.1    140.5    149.4    140.8    191.2    560.1    388.5    326.9 
  1914   301.6    237.7    313.6    294.2    291.5    351.4    127.1    116.7    254.2    520.2    359.1    390.2 
  1915   289.4    225.8    322.6    449.7    157.7    342.4    550.5     40.5    240.8     81.4    660.5    337.8 
  1916     8.5     44.9    414.7    311.0    491.1    216.4    438.6    173.6    189.1    285.2    392.4    113.3 
  1917   118.5    215.2    399.9    129.6    203.4    299.7    234.1    121.6    196.8    221.2    249.1    489.5 
  1918   270.8     43.3    322.3    216.8    283.0    188.5    161.2    196.7    120.6    567.9    414.1    397.3 
  1919   280.0    219.0    313.7    302.9    309.5    327.3    261.9    131.1    307.2    147.4    198.1    443.7 
  1920    76.7     81.4    224.8    484.3    166.1    406.3    165.0     90.5    179.7    305.0    673.7    422.9 
  1921   411.8     28.6    404.1    373.8    247.7    101.1    233.0    192.6     92.0    347.0    302.9    106.0 
  1922   168.7     84.3    162.8    280.1    300.2    376.9     87.9    145.3    302.5    225.2    343.7    204.3 
  1923   568.2     85.7    312.1    275.3     79.9    589.4    430.7    274.9    619.9    517.3    590.7    465.9 
  1924   336.1    330.2    384.9    412.4    775.6    259.6    362.7    263.1    542.6    489.5    388.7    375.3 
  1925   242.3    212.2    445.4    296.8    674.7    238.0     96.2    286.8    324.5    655.5    640.4    539.4 
  1926   229.1    100.3    158.2    290.5    637.9    326.0    343.6    255.2    255.1    153.8    238.1    275.7 
  1927   300.1    231.1    467.0    158.1    486.9    338.5    264.8    104.4    289.2    442.0    397.6    233.4 
  1928   134.2     60.6    371.3    246.6    159.9    168.5    231.8    275.7    105.1    510.5    538.9    463.3 
  1929   211.5    189.9    293.3    304.3    185.2    261.0    106.8     68.4    223.8    270.9    485.9    291.0 
  1930   291.5    204.2    521.9    274.6    454.5    232.1     65.9    128.1    365.0    559.4    360.7    304.9 
  1931   280.3    108.8    200.1    427.8    279.2    632.3    172.1    427.7    251.0    193.7    586.4    553.0 
  1932    39.9    338.9    178.5    306.9    525.9    174.6    100.8    284.0    224.2    169.5    544.4    220.8 
  1933   202.2    273.6    289.2    396.5   1079.2     -9.9M   156.1    207.7    239.6    508.0    380.4    222.9 
  1934   406.7    278.1    354.4    392.7    149.4    358.3     95.1     92.4     75.6    606.6    418.4    487.6 
  1935   187.1    109.0    316.2    325.5    290.6    285.9    123.9    197.5    135.1    473.6    415.0    427.1 
  1936   192.8    511.5    388.7    191.3    611.0    124.6    151.7    113.1    395.7    379.6    485.7    245.1 
  1937   329.9    162.7    278.3    182.5    387.4    115.9    317.9    137.9     83.9    381.3    440.6    332.9 
  1938    38.4    402.4    412.6    472.7     -9.9M   144.0    161.6    189.3    270.6     90.2    285.8    341.4 
  1939   194.7     66.4    236.3    499.5    234.7    275.4    106.9    171.2    191.9    420.8    414.2    448.3 
  1940    82.4    238.8    245.6    346.0   1101.1    442.9     78.4    106.6    128.8    419.2    543.2    363.2 
  1941   180.2     82.1    509.9    147.1    600.7    418.9    170.5    276.0    411.0    566.0    429.1    231.7 
  1942   315.3    264.8    447.2    471.2    353.5    297.0    216.6    162.4    155.6    556.9    230.8    360.9 
  1943   187.7    162.2    263.0    263.4    981.5    273.4    149.1    192.6    157.2    314.8    591.3    331.6 
  1944   310.1    289.7    352.8    587.1    761.1    202.9     69.7    155.7    324.9    541.6    333.5    391.2 
  1945    12.0    135.1    271.4    112.5    181.4    288.2    135.6    170.5    126.8    514.3    906.9    133.0 
  1946   152.1    113.8    234.7    400.6     32.0    191.7    115.8    151.9    163.4    288.1    387.8    491.4 
  1947   113.3    138.0    585.3    262.2    258.5    521.0     75.2    496.7    164.5    360.3    167.5    493.9 
  1948   267.4     83.0    385.0    208.3    239.0    306.2    173.7    131.1    172.5    416.9    615.4    398.6 
  1949   154.5    149.2     48.0    460.0    242.2    335.4    435.4    286.7    196.5    539.7    377.3    495.0 
  1950    79.9    270.2    299.5    271.5    217.8    233.4    110.9    204.5    255.7    252.4    310.3    164.3 
  1951   365.8    182.0    234.0    328.7    335.0    608.4    282.1     14.3    616.8    298.0    490.3    153.5 
  1952   343.6    435.6    430.3    617.6    646.8    223.8    112.7    133.6    121.1    345.6    337.1    321.5 
  1953   183.0    181.8    382.7    332.0     22.8    218.8    370.8     49.7    146.5    489.3    367.6    538.6 
  1954   402.8    143.5    481.5    540.5    372.1    117.3    151.3    243.4    100.6    536.2    267.9    431.3 
  1955   159.7    217.6    452.7    345.5    576.9    352.8    111.2     37.8    259.2    110.3    486.3    143.9 
  1956   185.2     47.8    276.7    345.1    210.4    328.1     61.8    207.8    190.8    226.9    611.7    186.0 
  1957    93.4    164.0    251.1    259.2    281.8    305.7    142.1    124.8     51.4    254.2    755.8    590.9 
  1958   212.9    296.0    464.3    342.5    413.7    314.1    107.1    181.1    160.0    339.2    559.1    323.4 
  1959   202.4    237.0    365.3    400.7    392.7    433.0    195.1    251.9    397.8    421.5    569.6    349.6 
  1960   380.7    232.7    260.9    236.2    241.8    121.1    227.9     97.7    340.5    264.1    317.7     87.9 
  1961   304.9    232.8    202.8    248.8    497.7    280.1    228.8    412.2    330.5    681.1    430.3    187.8 
  1962   353.9    217.9    258.8    469.0    377.1    197.4    186.0    218.5    375.8    325.3    528.8    676.2 
  1963   369.1    255.5    256.5    648.3    364.8    365.3    309.2    313.7    371.9    651.3    519.5    379.8 
  1964   117.0    227.5    289.8    371.0    509.8    223.7    349.4    133.9    398.0    202.4    239.0    461.4 
  1965    34.7    104.0    412.9    353.2    549.1    248.7    115.5    291.0    438.8    449.7    448.0    473.9 
  1966   264.8    163.5    491.4    519.7    104.3    149.1     93.5    188.4    509.3    539.7    360.1    355.7 
  1967   304.1     83.3    207.9    309.4    237.3    317.3    257.7    187.3    187.1    928.8    402.3    171.7 
  1968   479.1    200.1    246.1    287.0    348.7    505.4    322.8    178.2    381.7    521.2    223.4    394.7 
  1969   113.8    214.0    276.0    325.0    775.5    374.5     53.6    356.7    121.4    515.3    396.6    746.3 
  1970   296.2    333.5    440.9    477.0    217.7    219.4    227.3    155.9    148.8    387.5    385.9    164.2 
  1971   385.8    302.7    283.8    351.1    221.9    244.0    225.1    233.9    515.1    391.4    597.4    387.4 
  1972   309.3     36.7    224.2    286.3    714.6    114.8    156.5    197.7    472.4    730.3    590.8    101.8 
  1973    38.4    248.6    581.1    173.7    156.5    371.1    171.6    147.2     62.2    625.2    274.0    371.0 
  1974    12.6     79.7    214.2    243.1    265.6    256.4    246.1    209.1    398.0     97.4    165.8    204.1 
  1975    88.6    313.7    345.8    543.6    478.5    546.2    128.3    228.6    239.6    335.3    573.9    462.3 
  1976   117.9     88.2    232.5    377.6    330.3     87.9    133.4    124.7     52.0    362.9    367.3    352.9 
  1977    38.4    176.0    320.1    410.8    454.9    160.2     90.9    196.8    114.3    500.4    625.7    256.2 
  1978   207.3    165.3    316.7    394.5    587.3    134.0    183.4    344.1    310.8    239.8    732.8    280.4 
  1979    71.7    189.0     84.8    245.9    330.9     -9.9M   254.3     36.3    480.6    546.7    482.8    245.4 
  1980    36.1     64.5    315.8    407.4    287.9    164.6    178.9    149.5     88.4    243.1    552.0    237.7 
  1981   211.5    162.3    231.0    442.3    167.1    225.2     69.0    128.1    198.5    155.0    600.7     89.3 
  1982    47.4     56.8    218.5    536.3    461.9    478.6    238.3    164.9    131.8    591.7    749.1    189.0 
  1983    65.2     35.1    141.4    122.1    356.4    158.8    100.6    258.7    270.6    216.7    346.3    488.4 
  1984   353.8    266.3    603.7    614.6    281.0    229.5    226.8     11.5    212.6    173.5    639.1    348.0 
  1985   312.0    156.5    380.5    169.2    645.6   1292.3    135.0    280.2    342.5    877.3    944.9    649.9 
  1986   263.0    211.3    388.5    797.4    162.9    312.8    152.5    374.9    803.4    598.6    498.6    444.8 
  1987   351.6     52.3    352.8    626.1    348.7    240.6       .6    554.3    307.0   1029.1    891.4    292.2 
  1988   314.0    436.7    531.4    607.6    434.1    343.3    277.0    425.2    491.2    192.0    667.8    401.7 
  1989    62.7     37.4    440.7    451.1    496.6    511.9    742.8    379.4    254.4    450.0   1148.9    212.3 
  1990   179.4    179.2    578.3    319.7    537.8    456.5    214.1     48.3     10.6    778.8    986.4    217.5 
  1991   413.4    171.3    335.1    431.9    503.0    557.5    219.9    229.6     87.7    540.0    376.8    131.1 
  1992    -9.9M    18.2     39.5     -9.9M   524.3    444.2    344.5    237.7    259.1    395.2    714.6     62.4 
  1993    37.5    508.4    518.7    538.3   1041.8    607.8    373.9     77.4     91.4    960.2   1074.7    427.4 
  1994   259.5    230.4    121.9    368.2    384.7    142.0    187.5    200.3    194.0    421.8    299.8    293.6 
  1995   263.7    212.0    125.7    762.4    519.3    515.8     98.7    220.6    208.5    470.6     -9.9M   103.3 
  1996   106.7    315.6     90.0    720.8    121.3    194.9    146.5    185.6    456.1    353.4    258.7    222.7 
  1997    30.9    198.1     60.0    725.0    405.0     50.0    184.0    132.0    519.0    657.0    777.0    239.0 
  1998   153.0    298.0    150.0    186.0    192.0    224.0    205.5    160.6    324.0    254.6    315.9    548.0 
  1999   161.0    427.0    316.0    235.0    523.2    331.4     51.5    210.5    216.3    273.5    677.1    285.1 
  2000   144.3    507.8    434.0    139.5    134.5    293.3     76.0    100.5    268.8    201.4    276.8    456.3 
  2001   401.1    229.9    209.6    539.0     74.1     74.6    115.5     67.5    264.0    269.1    319.7    275.0 
  2002   115.1    103.0    138.0    491.0    330.5    191.5    235.5    132.0     87.5    307.5    283.8    290.0 
  2003   115.5     27.0    610.5    417.0    755.0    156.5    251.5     75.0    148.5    333.1    388.5     -9.9M
  2004   120.8    276.2    225.4    479.2    293.0    178.0    164.1     40.0    297.5    311.0    275.5    266.5 
  2005   262.0    204.2    210.6    423.7    193.9    106.1    168.3     76.5    189.8    335.4    424.5    318.6 
  2006   198.0    244.5    543.3    312.3    328.8    164.3    120.7    197.3    263.0    514.1    706.3    151.5 
  2007    68.0    201.6    195.9    480.7    109.0    192.5    112.5    175.3    345.0    381.1    377.5    295.8 
  2008   147.7    404.0    457.2    354.5    248.6    166.9    294.5    110.9     84.6    559.4    420.9    345.3 
  2009   165.4     34.8    302.8    364.7    428.5    347.5     58.4    202.2    353.2    459.1    424.6    398.3 
  2010   108.3    110.8    124.2    499.8    513.6    290.4    160.1    241.2    103.7    301.8    608.6    583.7 
  2011   435.9    223.3    368.7    663.3    184.8     -9.9M    -9.9M    -9.9M    -9.9M    -9.9M    -9.9M    -9.9M
