



                              STATION NAME : HAMBANTOTA              
                              LAT:  6.12N    LON: 81.13E    ELEV:   15.5M
                              ELEMENT : Precip,Total Mly in Millimeters         
                              Missing data values are coded as -9.9M 
 
  YEAR     JAN      FEB      MAR      APR      MAY      JUN      JUL      AUG      SEP      OCT      NOV      DEC
 
  1869    28.4      2.2     17.7    125.4     -9.9M    94.6     24.3     23.8     95.1     27.1    301.5    110.5 
  1870   181.7     88.2     29.3     12.2      1.2     25.2      4.4     70.3     13.2     -9.9M   194.2     82.3 
  1871   229.5     18.7     28.3    112.0     82.5     52.5     52.3      4.7     22.5     99.3    141.6     85.1 
  1872    32.6     70.9       .0    118.4     11.5     22.3     44.5     39.7    111.2     68.5    188.2     90.5 
  1873    10.0    221.6    119.7     57.8     49.0      9.2      8.5     25.7      6.8     20.5    171.1     71.8 
  1874   125.8    143.7      8.1     22.3     92.0     30.3     25.1     16.1     16.3     75.3    311.2    116.5 
  1875    62.9     38.0     69.8     49.6     18.3    157.9      5.3     34.9     29.1     49.9    192.8    128.2 
  1876    25.5      1.0     63.8     17.3    146.2     18.7     36.8     43.8     36.5    217.1    147.4     84.2 
  1877      .0      1.4     52.8     57.4    285.8    156.2     22.8    110.3    447.3    563.2    150.8    269.4 
  1878   232.8       .5    119.6     79.7     94.2     71.6     62.1    162.3     91.3    214.5     52.2     34.3 
  1879    19.8     44.4     54.5     23.8    138.3     42.0     73.7       .0     45.3     36.4     19.2    180.5 
  1880    19.7      5.2     43.6     43.6     64.7     10.3      7.6       .2      1.4     54.0    164.5     37.8 
  1881    38.7      6.5     72.0     76.7     29.7     12.8     15.1     37.4    100.7    174.0    262.8     88.6 
  1882   164.9     40.4    134.5      9.8    105.1     47.7     69.8     26.3       .7     79.6     96.9    173.0 
  1883    16.0     19.8     63.7     32.6    130.5     64.0     53.1     19.1     21.9    191.1    117.8      1.7 
  1884    21.2       .5     12.1     24.5     55.8     13.5     12.3      5.8      1.0    156.6    178.8    194.1 
  1885    58.0     43.3     11.3     15.0     74.7    105.9     12.0     15.6     65.7     -9.9M   194.3    169.3 
  1886    56.0     23.0     48.0     43.2    230.7     46.9     35.8     39.6     66.5     67.2    243.0    143.8 
  1887    33.7      3.6     40.1     -9.9M    37.0     58.8     58.0     32.7       .0    117.9    118.9    229.5 
  1888      .0       .0     21.2     47.1    228.7    165.0       .0       .2     19.8     -9.9M    62.4     81.9 
  1889     7.5      4.3    137.6    118.3     26.4     26.9    131.6     17.2     81.3     14.2    259.6    272.3 
  1890    91.4     36.2     19.2     87.1    114.9      9.1     22.6       .7      4.8     44.0     91.7     -9.9M
  1891    -9.9M    -9.9M    -9.9M    -9.9M    -9.9M    -9.9M    -9.9M    -9.9M   115.5     -9.9M    63.5    267.7 
  1892   245.9     55.4      4.2    105.6     47.2     32.1      6.4      4.1     46.8     57.2    250.0    171.1 
  1893    79.2     65.2     51.8      9.8    114.2     44.7     23.9     46.9     15.8    109.5    471.4     89.3 
  1894    16.7       .0    109.1     80.1       .0     -9.9M    18.5     -9.9M    26.9     54.4    211.1    136.2 
  1895    50.1       .0       .0    145.9     36.4     29.8      7.6     27.8     38.6     61.7     26.4    293.5 
  1896    69.8     -9.9M    85.4    143.5     38.6     80.9     15.6     55.2    152.0     87.0    154.0    187.4 
  1897    20.6    122.2     92.6    150.3     37.4    187.3     74.2     93.8    131.5     50.6     84.9     57.8 
  1898   113.7       .0     21.0     29.7     60.5     19.1     24.7      4.0     42.8    205.9    202.9    253.8 
  1899   277.9       .0     21.3     74.1    113.6     66.7     12.6      1.0     -9.9M    -9.9M    -9.9M    -9.9M
  1900    -9.9M    -9.9M    -9.9M    -9.9M    13.1    234.7     73.5    114.6     77.1    304.2    386.4     46.2 
  1901   237.2     22.2     16.4    100.1     10.7     11.7     31.5       .0     13.4     61.5     88.4     69.2 
  1902   137.5     38.9     40.3     93.3       .7     34.7     24.8     20.9    213.4     -9.9M   325.9    130.9 
  1903   133.8    119.4     16.0     91.0    147.5     71.4    135.0     36.0     50.3     76.0    100.1     77.8 
  1904    57.2      1.9     42.0     14.8     17.4     16.6     29.5       .0     14.6     69.5     15.0     31.8 
  1905     6.2     16.7      3.2     81.0    153.9     18.4      2.4     12.0     18.9     43.3    238.3    169.6 
  1906     2.2     92.0     34.6     63.6     95.8    109.3     34.2     17.3      1.7    121.2     78.8     40.7 
  1907    70.2      5.0     72.0    234.6     52.8     19.6     19.1     14.7       .5    149.6    205.9      5.4 
  1908    39.9     57.2     35.2     57.6     62.4     17.0     18.6     25.3     77.9     57.9    116.2     68.1 
  1909    69.3     59.1     43.2    332.6     63.4     75.1     59.9     50.1     27.4    167.5      9.8    239.7 
  1910    76.8     63.3     40.5    115.9     32.2     18.8     56.2     13.0     47.0     74.9    120.6    172.4 
  1911    68.6      9.3     19.5     -9.9M    -9.9M    -9.9M    42.0     17.7     54.2    189.4    289.5    242.0 
  1912    61.4      7.3     46.5     73.3    117.2     65.0     17.3     12.2     75.9    316.6    416.2    295.6 
  1913   270.9     22.7     83.5     66.4     -9.9M    38.0     47.4     20.8     14.5    226.3     74.8    217.2 
  1914    -9.9M    14.7    126.8    104.1     62.6     -9.9M     5.5     -9.9M    73.9    172.6    203.0    182.6 
  1915   119.2     59.7     15.3    192.7     13.9     61.5    127.9      7.8     78.0     30.3    163.5    170.1 
  1916     8.0      6.6     76.2     70.8    229.0     17.8     85.1     68.4     25.8     38.0    154.4     49.5 
  1917   178.2     98.8    159.9     20.2     26.4     51.3     97.5     97.6     46.4     27.8     66.8    206.0 
  1918   124.0     41.1     82.3     36.9     89.0     48.3     65.3     27.9     21.4    184.3    216.4     56.8 
  1919    19.0      1.2     28.3     87.6     25.7     72.5     42.0     12.7    120.9     79.9     85.5    162.8 
  1920    63.6     17.6    135.6    111.8     76.7     58.0     10.2      5.0     23.4     30.1    180.4     80.3 
  1921    -9.9M     3.2     98.3     58.2     12.5      9.6     68.9     34.1     25.3    230.0    130.0     88.3 
  1922    28.3     41.0     13.0    174.4     80.0    105.7     16.1     11.6     24.0     88.0    216.2     51.0 
  1923   126.6      9.5     36.9     75.3     38.8    168.3    169.5     24.3    185.8    160.7    285.5    223.1 
  1924   135.4      5.0    215.8     36.2    141.4     13.8    207.3     13.4    183.2    152.9    147.8     98.7 
  1925   190.0     31.7    166.6     55.6     25.8     41.1     11.0     24.3     14.3    238.2    249.2     -9.9M
  1926   189.0      6.8     58.1     84.0    146.0     96.7     61.0     40.7     61.5     47.0    248.8     66.7 
  1927    86.9     72.0    257.4     60.9    134.9     70.7     22.9     48.4    244.7     15.4    190.6     71.0 
  1928    39.4     17.4     50.7    134.7     94.2     23.2    109.9     25.0     14.3    110.5    233.4     39.4 
  1929      .2     32.3    114.0    147.1     28.6     32.8     10.7     20.5    185.1     21.7    259.5    218.7 
  1930    25.7     26.9    153.7     76.8    308.9     40.9      2.4      8.7     91.9     66.0    118.0    142.3 
  1931   169.1     38.1      5.7    302.1     47.0    119.7     43.3    112.1     43.8     51.0    239.6    271.8 
  1932      .0     35.4     83.5    146.9    146.6     26.2      8.1    151.5    127.0     95.7    200.8     95.2 
  1933   376.1     53.0     18.0     48.1    268.1     62.4     59.2     43.0     21.6     94.7    233.0     33.8 
  1934   147.5     92.5     87.3     37.7     53.9     42.0      9.0     34.7      6.7    324.8     71.8     55.0 
  1935   144.1     23.0     70.0     83.0    149.3     87.7     23.1     31.5     74.7    126.7    293.6    348.1 
  1936   106.2     17.1     80.3     53.0    164.7     22.7      4.9     14.7    108.4    136.6     62.2    140.1 
  1937   170.9     25.7     74.0     73.7     49.9     16.3     49.2     30.6      9.5     71.4    216.6     33.2 
  1938    43.9    272.6     75.7    128.5      1.2     17.4     56.3    102.3     61.1     31.0     25.7    153.2 
  1939     7.7      7.0    132.7    265.7    114.6     36.3     41.9     38.0     30.2     23.1    142.1    111.0 
  1940     1.4     13.4      9.0    117.9    511.8     39.3       .9      6.4     58.6    213.8    320.7    184.1 
  1951   277.8    142.2     37.8    122.5    160.0    173.5     42.5       .0     87.6     40.1    213.5    104.5 
  1952   118.2     15.9     96.0     83.0    151.9     35.9     25.0      9.7      7.7     78.6    127.3     19.2 
  1953   142.1     48.8     44.0     50.7       .0     36.6    223.7      3.9     22.6    172.9    248.1     21.0 
  1954   197.2     62.0    192.4    151.7     59.8     17.6    114.7     71.5     13.1    276.0     81.0     82.3 
  1955   236.7     88.9    133.6    167.0     65.2     42.8     14.4     10.6     21.2     49.6     94.9     22.0 
  1956    74.1       .7     54.2     62.4     29.3     35.3      4.8    108.1     33.0     54.0     86.8    161.0 
  1957    84.2     59.4      9.0     18.9     74.1     36.1     14.8     18.8      1.5    138.7    366.4    479.3 
  1958    29.3     19.6     16.6    109.3    113.2     11.0     85.8     30.1     10.7     62.8     75.4     40.5 
  1959   115.8     67.5      1.6     73.8    113.5    117.3     29.4     77.6    123.8     56.0    180.7     94.3 
  1960    36.7    176.2     52.8     66.6     45.0     20.0    103.0     35.3     69.6     85.2    198.4     63.1 
  1961    88.5    134.4     82.2     44.9    133.9    129.8    109.8    112.7    287.9    361.8    206.2    132.9 
  1962    83.8      5.5     54.9    112.7    120.6     22.5     37.1     37.2     68.0     77.4    171.9    193.5 
  1963   123.3     84.2     42.1    175.9     41.0     63.3     52.6    123.5    100.2    208.8    326.2    180.4 
  1964    61.5    165.4     87.0     54.2     53.8    105.7     32.5     98.9    138.4       .5     32.7     45.2 
  1965     3.5     69.9     32.8    114.4     98.7     37.5      3.7     69.8     95.0    247.8    305.0    164.1 
  1966   134.0     28.6    128.7    185.6      8.5     45.4     25.8      9.0    102.5    191.8    224.9     84.7 
  1967    61.4     63.5     37.3     57.8     50.9     61.6    192.9     59.8     42.9    285.5    190.4     60.9 
  1968    51.2       .0     57.6     32.0     37.7    103.7     76.8     17.4     25.0    187.2    148.6     48.4 
  1969    32.2     14.6      9.1     76.0    107.3     63.1      7.0    185.6     31.5    290.7     85.3    485.3 
  1970    64.6    163.2     28.9    137.6     42.2       .9     70.3     38.0     52.2    124.4    214.6    101.5 
  1971    80.2     41.9    139.5    112.8     12.8     17.6     58.2     30.8    101.7     54.2    102.5    146.6 
  1972     7.4       .0      4.5    112.0    162.7      3.0     73.9     71.6    189.5    247.2    192.2     74.5 
  1973    77.9      1.9     35.6    112.8    129.1    169.8     17.4      6.9     27.8    188.9    153.3    191.7 
  1974      .0     17.2     17.4    115.2     24.3     85.9     32.3     59.4     81.3     37.9    105.3    172.4 
  1975    98.1     71.7    200.5    128.0    349.8    187.8     45.0     28.2     51.0     59.8     76.1    135.6 
  1976    72.3       .0     31.8     40.5     20.1       .7     15.1     27.4       .0     99.0    380.2    114.6 
  1977     3.5     76.4     23.2     49.0     -9.9M    17.8     65.9     25.8     45.8    204.2    276.6     32.3 
  1978     8.6       .6     18.0     24.1    219.3      1.6     22.8     39.7     30.4     85.9    413.1    112.4 
  1979    50.1     40.4      4.5     36.1     46.2     50.2     25.5     -9.9M    89.4     60.7    217.3    150.2 
  1980    17.0       .0     29.6    291.3    108.0     49.5     13.1     33.0     44.2    180.3    283.9     75.6 
  1981    48.3     43.5     12.8    169.8     54.3     11.6     26.0     82.5     39.5     96.4     66.2    100.8 
  1982     3.3       .2    213.5    103.3    151.7    149.4    129.6     26.4     17.9    106.4    256.2     77.1 
  1983     7.4       .4     22.7     25.8     66.9     16.1     63.0     44.7    113.1     63.4    108.1    107.4 
  1984   152.9    155.2    141.7    103.5      1.6     62.6     56.4       .0     22.0    107.0    173.8     19.1 
  1985     7.1    102.3    129.6     53.5     31.3    128.5      3.8     21.8     98.0    147.3    170.6    154.7 
  1986   134.7     10.0    156.6     53.6     52.0      9.8      2.8     86.5     34.7    319.2     55.3     57.9 
  1987    48.7     21.1     60.6     89.6     66.9      1.9       .0    116.4     90.0    218.1    126.3     49.9 
  1988    20.0     21.9     27.3    176.9    106.6     54.2     13.7     66.8     86.9     10.6     -9.9M    -9.9M
  1989   135.7     48.0     40.8     28.9     63.4     24.0     -9.9M    -9.9M    -9.9M    69.3    123.1     24.4 
  1990    59.9     21.5     97.0     27.9    152.7    105.3     11.5       .4     12.8    190.3    270.8    242.8 
  1991   205.1     17.9     14.2     89.9     39.8     99.1     37.8    106.1     36.2    209.2    185.2    243.3 
  1992    10.1       .0       .0     31.8     62.5     20.7     47.4     22.8     40.2     67.8    247.4     52.5 
  1993    36.0       .0     36.5     27.0    170.6    131.1     50.1      2.7     24.7    156.4    158.9    124.1 
  1994    87.7     36.7     53.9     83.1     17.4      4.6     28.7     66.2    227.8    224.1    202.0     23.3 
  1995    77.2    114.0       .2    207.8    108.2     74.5     19.0     77.7     -9.9M    83.8     47.6     90.4 
  1996    72.1     60.0      4.5    159.2     15.4     54.5     11.1     52.2     85.9     33.0    321.7     73.9 
  1997     1.4     53.0      1.2     76.6     92.1     62.5     22.8     27.8    254.5    230.0    469.0     86.3 
  1998    89.1       .0       .8     12.3     65.9     28.4     93.3     25.0     43.8     29.2    227.9    269.3 
  1999    52.3     76.4     77.0     46.9    108.3     60.5      2.9     31.5     55.1     65.0    218.3    119.2 
  2000   139.9    176.2    171.7     20.7     34.4     53.6      4.4    157.2     98.4     46.5    186.3     56.9 
  2001   224.6     11.9     15.2     92.3      7.8     12.1      9.1      3.3     45.5     37.8    211.3     59.4 
  2002    19.2     40.0      2.2    103.8    137.1     12.6     38.5     82.0      6.6    119.3    231.2    189.6 
  2003    29.8     45.0     55.9    380.8     93.8     12.5     63.1     36.8     41.5    138.7    374.1       .7 
  2004    24.7    107.0      8.4    151.9    120.7     31.4     10.0     25.5    159.0    149.4    210.2    166.5 
  2005    57.5      3.0     42.8    129.4     69.1      7.9     47.7      7.2     40.2    148.4    329.0     95.7 
  2006    93.9     36.1     35.8     36.4     57.5     62.9     10.9     17.2    219.7    248.4    233.5    281.2 
  2007   230.2     15.2     20.3    198.8      2.5     59.8     27.6    104.5    107.4     84.1     61.7    105.7 
  2008    23.2     18.5    237.4     66.4     11.4     28.5     62.2     36.6      9.1    252.1    297.9     96.5 
  2009    31.1      9.3     30.4     25.8     55.6     47.4     25.3     84.8     74.7     53.5    394.1     48.6 
  2010    14.5      1.7     34.6     25.8    123.6     74.5     36.2     48.4     18.6     56.9    223.9    216.5 
  2011   197.3     95.6     57.4     -9.9M    -9.9M    -9.9M    -9.9M    -9.9M    -9.9M    -9.9M    -9.9M    -9.9M
