



                              STATION NAME : KALAWEWA TANK           
                              LAT:  8.00N    LON: 80.53E    ELEV:  122.0M
                              ELEMENT : Precip,Total Mly in Millimeters         
                              Missing data values are coded as -9.9M 
 
  YEAR     JAN      FEB      MAR      APR      MAY      JUN      JUL      AUG      SEP      OCT      NOV      DEC
 
  1888    -9.9M    -9.9M    -9.9M    -9.9M    -9.9M    -9.9M    -9.9M    -9.9M    -9.9M    -9.9M    -9.9M   272.6 
  1889    20.7       .0    109.6    194.4    166.7     14.7     28.5     56.5     -9.9M   149.3    110.7    102.7 
  1890    -9.9M    -9.9M    -9.9M    -9.9M    -9.9M    -9.9M     8.1     19.9       .0    142.4     86.8    184.9 
  1891      .0    149.4    167.4    150.1    297.2     43.5       .0      8.8       .0    636.1    178.8    288.6 
  1892   197.2     73.4       .0    213.1       .7     66.7     23.1      1.7       .0    296.9    217.7    103.8 
  1893    21.6     54.9     86.9     92.6     15.2     43.9     79.5       .0       .0    262.0    413.9     49.1 
  1894    31.4     11.9     79.1     77.8     10.1      9.1       .0     91.5     53.7    250.7    323.0    120.4 
  1895    61.4       .0     84.9     98.2     36.2     25.4       .0     63.7     20.0    486.3     99.0    203.6 
  1896    18.9     29.4     94.6    106.8     91.5       .0     26.5      5.5    107.1    275.1    316.9    413.5 
  1897    61.4     74.3     65.1     99.6     23.7    125.2     30.2    101.1     -9.9M   121.2    114.4    411.3 
  1898   119.4       .0      6.8     84.0    132.0     -9.9M    -9.9M    -9.9M    -9.9M    -9.9M    -9.9M    -9.9M
  1899    -9.9M    -9.9M    -9.9M    -9.9M    88.8       .0     12.7       .0       .0    230.5    217.8    150.7 
  1900   162.2     12.7     82.5     50.7     40.6     17.7       .0     30.4     25.4    200.9    319.5    186.2 
  1901    10.3     32.1     43.6    143.0     42.6     25.4       .0       .0     49.2    145.9    354.8    169.8 
  1902   133.2     48.4      7.8     23.0    119.3     57.1       .0     12.7    140.8    390.0    210.5    365.8 
  1903    61.6     43.0     54.6     72.3    187.5      7.5     24.1     40.5     83.5    270.9     72.1     -9.9M
  1904   355.8      8.1     16.4     45.6     73.4     31.9     36.9       .0       .0    223.0    135.5    248.4 
  1905    86.2     61.6     29.0    111.7     54.1       .0       .0       .0     29.1    239.6    209.3    106.6 
  1906    76.8     35.5       .0    183.7     84.3     17.9     33.0     83.3     15.1    403.1    328.6    133.0 
  1907    86.1       .0     -9.9M   298.7     22.7     37.1    147.1       .0     20.3    266.9    314.1    388.5 
  1908   115.1     45.7     48.7     97.1     42.4       .0       .0       .0     90.0    312.1    132.4    211.8 
  1909    12.7     11.1    124.3    330.0     40.5     22.8      7.1    105.6       .0    168.8    123.2     95.6 
  1910    60.6     50.5     44.9     99.3     88.8     35.4    125.4     69.9     10.1    143.4    246.9    261.4 
  1911    63.3     19.0     -9.9M    24.2       .0     38.0       .0       .0     29.2    156.2    408.0    488.8 
  1912    25.4       .0     27.4    129.6     44.3    109.4      6.2    113.5     50.8    213.7    375.3    374.9 
  1913   933.3    195.4     54.1    142.0       .0     30.2     16.1      1.5       .0    467.5    467.7    454.1 
  1914   139.1     45.8     67.2    165.1     46.1     39.3       .0       .0     60.0    251.6    232.2    310.5 
  1915   225.3     93.4       .0    138.7     10.5     70.1     18.6    111.4     63.1    133.1    374.0    162.5 
  1916      .7     36.5    141.1    149.3     50.3     34.4     34.6    248.8     76.0    235.9     63.4     52.7 
  1917   221.6    148.7    291.1    104.5     81.9     16.5    164.7    106.5    257.2    205.4    238.7    113.9 
  1918   234.0      7.6     48.5    153.7     88.2      6.0      2.2       .0     31.7    263.0    507.7    302.8 
  1919    79.1      5.5     78.6    110.8    160.4     58.2     24.0      2.0     31.1    122.5    321.1    211.4 
  1920    68.1     29.2     -9.9M   367.5     52.2     96.4       .0       .0       .0     86.0    322.1     47.5 
  1921   428.3      2.5    138.9    219.6       .0      2.5     24.9    139.9     96.6    356.2    124.0    443.2 
  1922    85.7     -9.9M    48.1     86.7     28.4     32.1       .0      1.5       .0    633.8    281.5    113.6 
  1923   490.8       .0     20.8    165.0     24.1      9.7     38.3     34.0       .0    289.7    176.5    442.8 
  1924   112.6     16.4     50.8    118.8     29.7     18.2     61.2     21.3    165.2    176.5    263.6     99.2 
  1925   348.1     12.6    245.8    230.9      7.2       .0       .0     31.2    160.4    266.2    175.7    357.1 
  1926   171.4       .0     39.0     43.1    204.0     12.6     10.3       .0     80.1    200.8    361.2       .0 
  1927   205.4    108.5    178.5     54.9    109.6     19.4       .0     58.2    167.7     92.8    114.3    101.3 
  1928   136.4    101.1    153.3    348.9     13.4      7.2     92.6      2.9       .0    232.5    384.1    136.5 
  1929    30.9      2.5    164.6    244.5    143.0      9.7      8.8      2.2    156.1     41.5    283.7    104.1 
  1930   116.3      3.4     81.0    114.3    268.6      8.3       .0     21.8    146.1    515.4    198.8     89.7 
  1931   245.5     10.8     60.2    235.1    132.6      4.9      9.7      8.0     17.6    371.7    254.3    346.9 
  1932    12.3     62.7     65.3    171.9    164.2       .0       .0    168.7      3.9    251.4    175.6     93.3 
  1933   477.2     14.6     60.3    120.2    436.1     35.6     74.8     52.6     68.7    144.6    392.4    145.5 
  1934   210.2    194.1     99.0     91.1     17.0      9.9     14.4       .0       .0    197.6    102.6    142.4 
  1935    31.1     55.7    168.9     96.8     56.3     12.4       .0      8.9    103.2    195.4    288.5    251.6 
  1936    28.0     44.4    148.6     42.2    164.3     11.8      8.8       .0    171.2    136.0    219.7    395.5 
  1937   192.3     45.2     83.8     85.5      5.8      5.0      6.6    145.6     34.3    124.2    179.0     45.1 
  1938   283.4    107.7    144.9    144.1      3.0       .0     63.3       .0     22.0     61.5    101.5    128.4 
  1939   139.0     20.0     35.6    329.1     25.7     28.8     11.5     93.6      3.8    165.5    235.7    235.0 
  1940      .0     70.1     53.2    161.2    156.0     44.1     10.3     11.6    296.6    261.0    367.2    214.6 
  1941   125.0     12.8     30.2     90.8     89.4     31.7       .0      1.7      5.9    369.3    412.7    180.8 
  1942    18.2       .0     57.1    193.2     67.9      4.5       .0    133.7     93.3     37.4    169.6    554.6 
  1943   110.7     51.7     16.4     40.7    233.2      2.2       .0       .0     20.8    211.6    284.0    199.2 
  1944    47.6    267.7    207.1    142.3      6.0       .0       .0       .0      7.8    142.7    423.3     58.2 
  1945      .0       .0     55.9    137.4      2.5      8.8     15.1     46.2       .0    242.7    473.1     84.5 
  1946    55.9     60.0    150.7    181.5     24.4      3.5       .7     15.8     23.4    290.1    347.6    498.4 
  1947   197.4     85.6    154.9     61.2    186.8     16.8     29.4     68.9       .0    172.0    156.0    232.6 
  1948    39.8      1.2     12.9    169.2     33.4     44.8       .0    100.0      9.6    103.2    147.8    418.5 
  1949   208.1      4.9     29.9     57.6     65.0       .5     85.7    100.1     14.4    233.3    207.6    140.9 
  1950    62.3     65.1    138.1     89.9     62.8     13.9      6.3     11.9       .0    147.2     97.9    168.6 
  1951   355.5     96.3     55.2    149.6     42.6     15.7      3.9     45.0    277.9    256.0    454.4    133.1 
  1952   314.1     29.9     69.0    146.0     68.6      8.8     38.7       .0    135.0    147.2     54.1    123.0 
  1953   142.0     20.3     77.1    166.0       .0       .0     87.4     23.3    124.8    313.3    209.1    190.0 
  1954   206.5     28.4     76.4    240.7     11.8      2.5     38.3     12.4       .0    184.8    136.6    358.3 
  1955   124.2     61.5    144.6    134.9    101.3       .5      8.8    152.0    213.2    109.5    186.5    132.6 
  1956    56.7     24.9     81.0     36.4     14.3     92.4       .0      3.0       .0    108.0    242.2    141.1 
  1957    66.4    124.8     20.5    215.1    174.6     58.2     12.7      9.1     68.7    400.6    451.7    962.5 
  1958   124.3     18.2    195.7    275.6    117.2     10.0      2.2     34.8       .0    162.1    179.9    107.7 
  1959   155.2     19.2     52.0    130.9    135.1     18.2     28.0      2.2    100.0    376.7    344.4    236.3 
  1960   195.8    138.2     47.4    277.5     54.3    156.6    196.2      2.2     44.5    207.1    263.5    128.5 
  1961   170.0     96.6     62.4     75.3    170.6     78.8     33.1     11.3     35.0    365.4    168.4    227.0 
  1962   167.8     29.1    102.0    223.0    173.3      6.6      9.8      7.3    175.3    387.8    271.5    199.8 
  1963   294.0    139.4    120.8    266.4     33.1     10.3     15.9     25.3     42.5    199.1    315.1    397.7 
  1964    58.1     65.7     59.9    130.4     47.1     14.0     48.9     18.0    110.6     -9.9M   201.8    131.4 
  1965    -9.9M   108.7     51.4    165.4     70.2      9.8      3.5    201.1       .7    374.9    283.9    644.9 
  1966   100.5      3.9    147.7    219.3      1.7      8.2     10.3      9.5     83.8    297.5    371.6    184.3 
  1967    45.8     45.9    104.2     61.4     71.8     46.4     16.2      6.2     42.1    290.0    102.9    323.8 
  1968    70.1       .0    109.9     99.6     35.4     27.0     10.8       .0     49.7    317.9    173.8    185.8 
  1969    50.3     56.0     36.0    164.8     10.4      2.2      8.0    145.3     41.8    334.6    152.5    331.9 
  1970    80.2    146.9     30.6    130.3     52.4      2.7     23.4       .0     84.5     71.9    102.2    164.8 
  1971   233.3     49.5     22.8    363.6     14.3     65.5       .0     45.8    143.1    164.6     73.3    306.6 
  1972    51.4       .5      1.5    153.7    240.3       .0      5.8       .0     53.1    380.8    270.5    218.6 
  1973      .0     13.0      5.5     90.1     82.8      5.7     87.7     22.3     23.2    173.2    198.3    426.7 
  1974      .0     -9.9M    -9.9M    -9.9M    -9.9M    -9.9M    -9.9M    -9.9M    -9.9M    -9.9M    -9.9M    -9.9M
  1977    61.5     23.4     32.3    115.7     36.3       .0     19.1     23.6     29.9    386.5    284.2    201.6 
  1978    36.1     54.4     44.8    108.3     68.4      3.6     69.0      3.6     10.0    225.3    309.6    275.4 
  1979    20.8     26.9     24.4    139.2     10.8      3.1     22.8     24.9    127.9    156.0    335.8     87.9 
  1980      .0       .0     34.4    146.6     65.7     20.4      1.5      5.1    127.6    243.0    363.1    122.1 
  1981    -9.9M    10.2    104.9    152.6     40.7     20.4     31.0     38.0     61.5    186.0    186.0    180.0 
  1982      .0       .0    148.0    177.0    178.0      2.0       .0       .0     21.0    216.5    280.5    224.0 
  1983      .0       .0       .0     79.3    219.6      1.5     91.4     -9.9M     4.0     87.0    200.0    542.0 
  1984   295.0    280.0    324.0    208.0     30.0       .0     33.3       .0    171.0     86.0    276.3    138.3 
  1985   142.1     53.4     98.6     18.7     85.5     43.6     47.1      3.2     48.5    119.0    294.5    248.5 
  1986   232.0    106.7     87.5    135.1     73.2       .0     11.3      5.4      9.3    237.9     56.8    127.6 
  1987    38.9       .0     68.6     72.4    117.4       .0       .0      4.3     61.6    374.8    187.2     75.2 
  1988    15.7      4.6     39.0    387.9     26.4      4.7     93.2     50.8     32.6     11.6    160.7     53.8 
  1989    58.5       .0     42.2     58.6     19.5     36.9    117.4       .0     48.9    124.0    390.3     44.3 
  1990   207.6     25.4    150.9     71.3    104.6       .0       .0    146.4    114.9    286.2     96.2    119.6 
  1991    62.7       .0     56.7     75.1     60.6     64.5       .8       .0     74.6    164.8    287.4    303.9 
  1992     1.2       .0       .0    166.2     52.5      2.0      3.8     18.5     90.1    175.4    340.4    143.0 
  1993     7.9     83.7     58.2     91.0     86.0     19.2      6.2      6.6      5.3    420.6    523.0    423.0 
  1994   253.7    281.9     19.3     82.0     43.0       .0       .0      5.4    107.9    419.9    185.5    144.6 
  1995   101.2       .0     53.7    176.8    142.8       .0       .0     21.4       .0    156.6    368.4     42.5 
  1996    35.0     35.4     57.4    373.7       .0     41.5      5.2     67.3    117.0    250.7    261.3    119.0 
  1997      .0       .0       .7    125.6    119.9     21.0     28.7       .0     74.0    473.7    337.9     -9.9M
  1998   139.8       .0     -9.9M    -9.9M   135.3    135.3    122.2    102.0     22.5    123.2    138.4    187.3 
  1999   249.3    205.2      5.2    123.8     33.5      8.9       .0       .0     65.8     -9.9M   146.5    112.2 
  2000   213.3    210.7      9.7     99.5     29.6      5.8       .0    206.0     20.9     34.7    213.5    138.3 
  2001    98.9    117.2       .0    180.4       .0     13.1      3.4       .0     84.4    183.1    178.7    106.6 
  2002    50.5     94.7      3.1    209.7     50.8       .0       .0     17.4     -9.9M    -9.9M    -9.9M    -9.9M
  2006    -9.9M    -9.9M    -9.9M   122.1     95.6     11.1       .0     -9.9M      .0    270.8       .0    106.4 
  2007    68.3    119.1       .0    201.5       .0       .0       .0       .0     33.2    222.9    360.7    299.1 
  2008    76.9     95.5    498.7    207.1       .0       .0     15.6     19.9     27.4    263.5    167.6    355.1 
  2009    65.3       .0    154.9     65.9     28.3     13.3      3.3    121.4      8.3    235.1    255.4    196.7 
  2010    52.5     31.6    128.2    162.5     75.0       .0     67.4     78.3    110.7    160.2    259.6    332.9 
  2011   255.8    257.6     -9.9M   244.2     -9.9M    -9.9M    -9.9M    -9.9M    -9.9M    -9.9M    -9.9M    -9.9M
