



                              STATION NAME : KALMUNAI                
                              LAT:  7.42N    LON: 81.83E    ELEV:    3.0M
                              ELEMENT : Precip,Total Mly in Millimeters         
                              Missing data values are coded as -9.9M 
 
  YEAR     JAN      FEB      MAR      APR      MAY      JUN      JUL      AUG      SEP      OCT      NOV      DEC
 
  1879   262.7     95.1     83.6       .0       .0     12.7     62.1     35.1     85.6     95.6    174.5    303.2 
  1880    88.8     42.3    369.1     29.7     29.1      1.0       .0     82.5     47.6    118.8    226.2    226.0 
  1881   275.7     18.5     51.6     28.8     27.1     68.2       .0     58.9     20.1     88.3    163.8    693.5 
  1882   379.1    168.1     90.3     18.0       .0      7.3     69.3     66.4       .0    119.6    275.6    331.0 
  1883   171.6    261.9      7.6       .0    112.9     37.1      3.8      2.5     81.1    253.6    427.8    175.2 
  1884    81.2     16.0     65.6     65.1     54.5      8.8     18.2       .0     55.1    193.5    150.3    769.1 
  1885   138.1     12.5     86.1     28.3       .0     56.7       .0     30.4     42.8    165.6    115.1    408.9 
  1886   264.3     84.7     21.6     33.4    111.1     84.7     39.1     39.7     29.6    139.8    419.2    298.1 
  1887   252.4    116.5      5.0     -9.9M    10.1     16.2       .0    153.9     43.8    141.3    132.3    639.5 
  1888     2.7     28.3      3.5     18.4     24.0     14.8     26.4     18.6     43.0    106.5    306.9    602.8 
  1889    87.5     59.8    122.6    113.8     70.0      7.5      4.5     39.3     82.7     49.2    250.2    113.5 
  1890    -9.9M    -9.9M    -9.9M    -9.9M    -9.9M    -9.9M     4.3     32.4     36.2    121.0    126.5    297.5 
  1891   233.8    142.7    137.3     28.3     46.0     11.4     15.7     25.4      7.1    258.9    246.3    437.8 
  1892   430.8    330.5      6.6     79.2       .0     28.4     53.2     55.2     44.1    197.5    337.2    138.1 
  1893   270.9     94.8    236.8      6.3       .0       .0    109.2      5.8       .0     91.6    369.6    218.6 
  1894   122.8     16.7    106.4    144.7     25.4       .0     21.3     27.5    126.4    219.2    295.7    276.8 
  1895   203.2     11.8     21.5    256.6       .0       .0     15.2      9.1     36.2    130.7    386.8    456.6 
  1896   541.8    341.1     26.6     84.7     13.8    157.9     73.1     32.4     28.3    167.3    497.1    702.8 
  1897   133.3    133.6    140.4    112.3     52.3     51.3     18.2     52.8     83.7     88.4    116.1    812.9 
  1898   181.3     68.4     12.8      6.1       .0      3.0     21.0     30.2     58.6    295.8    320.6    514.9 
  1899   599.2     96.0     24.1     50.4      9.6     18.7       .0       .0     26.9    177.3    434.8    441.7 
  1900   308.6     32.9       .0    231.1      3.3       .0     10.3     37.0     72.7    196.2    418.0    165.9 
  1901   120.1    198.0    319.5     28.6     21.2     11.1       .0       .0    106.1     69.6    237.4    373.9 
  1902   425.0     79.2     94.3     80.6      7.1     35.5       .0     43.7     79.1    266.3    458.2    187.6 
  1903   231.2    163.3       .0     91.1     77.0     35.1      3.8     61.4    162.7    146.9    257.7    355.1 
  1904   425.8     30.3     86.5     28.7     50.6       .0     24.5      2.0     60.5     66.3    139.2    480.4 
  1905   398.7     93.6      9.1    287.2    124.7     42.0      5.0     42.0     21.9     47.4    538.5    245.3 
  1906   101.7       .0     28.1      9.5     23.9      9.1     88.7    129.1     22.0    132.3    254.8    222.4 
  1907   170.6      6.0    161.9     60.5     41.3      8.8     13.6     39.5     15.3    203.5    231.1    133.4 
  1908   276.4    192.7    174.5      4.3     17.3       .7     20.2     51.5     81.8     70.5    162.8    552.0 
  1909    90.3    110.1     18.8     88.0     19.6       .7     13.4     63.9      5.0    145.4    197.2    217.2 
  1910   361.2     75.0       .0      9.6       .0      9.7     85.3     41.4    100.7    186.6    179.7    509.3 
  1911   217.1     70.8       .0       .0      7.7      7.0       .7      6.3    135.9    300.3    663.9    675.2 
  1912    61.0       .2     23.3     75.6      5.2     13.1       .2     39.4     48.5    138.5    207.6    386.9 
  1913  1453.0     46.4     21.3     10.4      3.8       .0      3.0     13.4      2.0    177.9    220.7    833.1 
  1914   634.5    101.7     80.1       .0      1.0      5.0     26.6     78.4     32.4    264.5    484.7    440.5 
  1915   530.1     86.8    171.4     49.5     47.5      7.0     20.4      2.7     62.7     33.1    281.6    443.5 
  1916    57.2      6.5     33.9     21.4      8.8      5.2    124.5     57.7    107.7     93.8    361.8    252.4 
  1917   469.3    166.3    152.0     40.5     81.9     56.9     11.3     46.1     39.9     53.8    506.9    202.8 
  1918   406.8     17.7     56.7      3.8     20.5      6.3     17.7       .0      1.2    152.4    145.6    435.7 
  1919   138.9     84.2     22.5      2.5     56.7     21.0     30.7     25.9     41.5    143.0    282.6    470.8 
  1920   295.5     84.2     46.5     82.6       .0     28.4     12.7     68.9       .0    124.1    603.5    259.0 
  1921   599.8       .0     38.3     83.5       .0     30.7     26.1     46.0     29.8    356.1    213.0    374.3 
  1922   374.9    196.4       .0    276.0     56.9     14.4     12.1     14.0     17.3    228.0    554.3    147.9 
  1923   500.4     66.0     83.6      2.5       .0       .0     20.2       .0      5.2    162.7    245.8    614.8 
  1924   289.1     13.3    191.0     15.1     88.5     25.8     10.0     70.2     64.0     79.0    197.7    316.5 
  1925   254.4    166.4    192.1      3.0     22.2     27.3      1.2     10.3       .0    271.7    394.4    429.2 
  1926   431.5     51.2     37.9     18.4    161.3     46.9     22.8      8.0     30.2     42.7    191.7    248.5 
  1927   367.8     95.3    421.0     24.0     76.3     31.7      1.0      5.5     98.3     23.4    212.7    470.1 
  1928   290.3    120.6       .0     24.3     23.4       .0     89.6    105.0       .0     96.8    540.3    173.5 
  1929    11.6    179.6    137.2     53.6       .0     46.8     13.4      2.5     31.7    131.1    252.1    432.4 
  1930   250.1     40.1    103.0     57.0    212.3     28.5       .0     57.9     59.6    223.8    393.0    129.7 
  1931   495.8    170.1     34.5     85.9     36.9       .0      7.5      3.3     47.9     66.6    243.1    372.7 
  1932    84.5    156.6    125.5       .0     32.1       .0       .0     97.6     18.7    360.1    157.0    225.5 
  1933   794.9    139.6       .0     91.1     47.9     22.4     23.0    100.5     83.7    167.3    241.6    417.5 
  1934   361.7    134.1    139.4     22.6     10.8     23.1      9.6      3.0     33.7    231.6    149.5    195.4 
  1935   157.3     50.6      5.8     34.7      3.5     11.1       .0     17.7     11.6     90.6    265.9    569.7 
  1936   272.7     88.3    200.2       .0     50.9     53.3     36.8     11.4     68.8    146.5    338.1    619.9 
  1937   432.5    229.2     68.4    185.8     35.4       .0     20.2     22.8    101.3     71.3    330.8     72.9 
  1938   330.2    495.2    225.8    140.6      6.2     17.4     27.0     38.4     37.7    137.5    103.4    186.6 
  1939    96.2    100.5     46.4    195.8     14.4      6.2      1.7     36.5      4.0    109.3    280.0    187.0 
  1940    39.8    156.5     36.2     51.1     77.2     16.8     23.1      7.6      1.0    284.3    265.8    361.1 
  1941   250.0    227.7      9.1     62.4       .0      5.2      7.1       .0     58.9    112.1    581.9    133.7 
  1942   258.0    171.6    166.7    104.5     19.7      8.6     52.8     16.4     11.6    130.0    210.1    532.2 
  1943   125.8    208.3     59.5     39.2     27.3     10.0     12.1       .0      8.3    245.2    189.3    359.4 
  1944   187.8    500.4     60.4     59.8     21.0     11.9     19.0      3.5     39.7    103.1    274.6    216.2 
  1945     6.8     28.8    205.1     33.9     17.7       .0       .0     48.1       .0    209.4    319.2    228.0 
  1946   211.8     38.4     64.1     86.8     14.6     24.5     32.4     71.1     27.8    163.9    457.0    437.8 
  1947   300.2     22.2     90.0     40.5      7.6       .0     28.8     67.7     66.5    114.2    225.8    706.4 
  1948   352.0      5.0    105.0     11.6       .0       .0      5.3     10.9       .0     98.4    295.8    768.9 
  1949   304.5    100.7     41.8       .0     35.4     78.5     46.8     80.9      4.1    109.8    307.8    949.7 
  1950   518.4    187.6    165.9    107.1     15.1       .0     22.8     41.6     13.3     77.8    123.4    184.6 
  1951   740.6    259.4    107.2     68.2      1.9     16.0     43.8       .0     62.1     58.6    299.5    217.4 
  1952   534.5     77.1     19.7     74.8     13.1     19.0     43.9     14.2      1.2     47.5    285.0    182.0 
  1953   407.2    251.1    124.5    100.2       .0     52.5     46.4     14.4     66.2    185.2    281.1    397.3 
  1954   321.8    170.3    124.1    226.1     50.3       .0     58.3     25.2     16.3    147.5    255.8    639.8 
  1955   456.2    526.2     47.6     97.7     51.4     10.1     54.8     60.1     10.1    255.7    227.4    232.2 
  1956   280.8    108.0     39.3     20.3       .0     43.1     35.5     48.1     20.2    163.4    229.0    341.0 
  1957   309.4    357.6       .0     25.3     45.6     22.8     58.3     86.2     78.6    209.0    494.6   1403.7 
  1958   266.2    134.4    108.9     10.0     51.8     10.1     22.8    113.9     48.1    120.4    149.4    310.6 
  1959   172.3     71.0       .0    124.2     22.6     27.3       .0       .0     55.7    187.7    535.2    568.0 
  1960   372.9    692.6    102.6     64.6     60.9      5.0    129.4       .0     25.3    141.7    231.2    150.8 
  1961   243.7    525.4    140.7     20.3    109.1      7.6     53.3     72.2     88.5     53.2    602.5    775.4 
  1962   435.0     39.2     29.0     27.9     87.4      7.6       .0     25.3     17.7    195.9    327.2    225.5 
  1963   558.1    214.2    214.2     79.9     25.4      2.5     38.0     18.9     25.3    117.7    844.9    569.4 
  1964   339.8    172.4    342.4      2.5    120.4     12.6     53.2    103.9     20.3     95.1     98.6    232.9 
  1965    42.9    215.5     24.0     70.9     90.0       .0     20.3    103.7       .0     90.9    430.0    525.2 
  1966   291.7     25.3    235.9     78.6      5.0     60.8      7.6       .0    111.5    263.6    190.0    324.7 
  1967   295.5    180.1    184.0     33.0     17.7     12.6      5.0     22.7     36.7     91.2    581.2    441.4 
  1968   149.6       .0    152.1     35.5       .0     20.3     20.2       .0     20.1     37.9    169.9    206.6 
  1969   183.6     86.2       .0     81.0     53.2     12.6     12.7     93.8     58.4    228.1    126.7    744.6 
  1970   479.6    365.4     79.7     51.8     34.0     15.1    106.9     78.5    106.4     55.6    289.2    397.9 
  1971   371.3     46.9     53.1     54.4    115.4     22.8     82.3     21.4     17.6     81.1    292.9    498.6 
  1972    97.4     30.4     58.3       .0    100.0     36.7     62.0     10.1     15.1    294.2    249.8    312.1 
  1973     7.6     48.0    103.9     60.8       .0     16.5     22.7    201.7     46.9    230.7    223.2    484.4 
  1974     2.5     59.5       .0     -9.9M    71.0       .0     -9.9M    -9.9M    -9.9M    -9.9M    -9.9M    -9.9M
  1976    -9.9M    -9.9M    -9.9M    -9.9M    -9.9M    -9.9M    -9.9M    -9.9M    -9.9M   129.4    190.0    416.9 
  1977   102.1     61.2    150.3     16.5    105.4      5.6     40.8     14.7     12.5     -9.9M   188.7    364.9 
  1978    66.9     94.9    110.4     83.0     11.9      1.8     44.5       .0     22.6     87.5    314.2    442.3 
  1979   118.1    110.4       .0       .0     42.4     62.1     13.1       .0    121.5     78.4    374.4    366.6 
  1980    15.5      4.7       .0     19.2     -9.9M      .0     15.0      4.4      6.0    108.3    321.2    230.1 
  1981    85.2     91.5     14.6     53.2       .0       .0     89.5     13.5    123.7    191.4     77.3    213.7 
  1982      .0       .0     23.0     34.2      2.5     24.5       .0      7.3     33.9    101.8    516.5    467.3 
  1983    25.5      4.5       .0       .0       .0     21.5       .0     26.0     38.6     31.3    131.1    403.7 
  1984   378.5    676.8    101.0     44.5      6.0     12.5    122.9     15.5     53.0     68.0    447.4    113.2 
  1985   165.0     96.6    107.5     57.0     38.5       .0     48.0     48.0     34.0    215.0    143.5    357.5 
  1986   487.0     91.5    369.0     10.4     41.0       .0     19.0     19.0     26.0     86.8    261.0    176.9 
  1987   254.9     77.0     98.0     67.5      9.0     10.0       .0     62.5     60.8    137.5     71.0     83.5 
  1988      .0     70.2     -9.9M    -9.9M    -9.9M    -9.9M    -9.9M    -9.9M    -9.9M    -9.9M    -9.9M    -9.9M
  1994    -9.9M    -9.9M    -9.9M    -9.9M    -9.9M    -9.9M    -9.9M    -9.9M    -9.9M   189.5    690.8    504.2 
  1995   318.9    203.5      9.3       .0     73.9       .0      6.5       .0       .0    289.9     28.5     40.4 
  1996   102.5     70.8       .0       .0       .0     44.6     48.4    147.3    122.0    109.6     -9.9M    -9.9M
  1998   191.0       .0     13.0     35.0     71.0     16.0       .0     51.0     21.4     54.6    162.1    316.0 
  1999   276.5    247.0       .0     72.0       .0       .0       .0     43.0     22.0    186.0    287.0    223.0 
  2000   373.0    269.0    129.0     13.0     25.0       .0       .0       .0     33.0     55.0    606.0     -9.9M
  2001   218.1    279.0       .0     41.0     44.0     86.0     52.0       .0     82.0    145.5    159.0    309.0 
  2002   179.0    183.0     42.0     21.0     83.0     47.0       .0      7.0       .0    123.0    299.0    769.0 
  2003   629.5    201.0     38.0     98.0      7.0     49.0      8.0     25.0     20.0    156.0    597.0     72.0 
  2004   107.5    195.0     35.0      4.0     49.0       .0     51.0       .0    153.0    374.0    444.0     -9.9M
