



                              STATION NAME : KATUGASTOTA             
                              LAT:  7.33N    LON: 80.63E    ELEV:  417.1M
                              ELEMENT : Precip,Total Mly in Millimeters         
                              Missing data values are coded as -9.9M 
 
  YEAR     JAN      FEB      MAR      APR      MAY      JUN      JUL      AUG      SEP      OCT      NOV      DEC
 
  1951    -9.9M    -9.9M    -9.9M    -9.9M    -9.9M    -9.9M    -9.9M    -9.9M    -9.9M    -9.9M   320.1    145.8 
  1952   214.4    168.8    138.7    252.2    320.5     86.6     23.3    153.5     45.7    285.0    188.6    157.7 
  1953    64.1     56.7     58.9    192.2       .3     50.6    281.7     65.0     69.8    454.0    191.4    115.4 
  1954   104.8    114.9    256.0    198.2    119.7     69.5    113.8    220.7     27.6    378.0    193.7    396.8 
  1955   184.1    156.6    176.1    268.4    207.5    259.3     99.1     69.9    263.4    141.6    217.6     34.8 
  1956    19.9      7.7     81.4     53.6    110.3    293.4     41.2     79.9     47.0    246.4    357.6    162.6 
  1957   101.3    203.9     30.5    122.2    178.6    234.2    231.6     54.0     16.8    278.8    463.7    829.5 
  1958    58.1     13.3    260.8    275.6    121.3     82.8     52.2    188.1     24.9    282.5    255.2    153.6 
  1959    22.4     24.8     21.2    416.0    142.8    242.0    317.2    110.4    140.2    452.7    209.6    135.6 
  1960   171.1    315.1     31.4    243.4    143.3    122.7    216.7     40.9    248.3    158.7    346.3     58.5 
  1961    92.9     89.9     84.6    170.4    280.8     93.3    146.8    150.7    104.0    277.0    268.7    226.7 
  1962    74.3     71.6     47.0    174.5    207.8    104.0    107.0    146.6    168.3    323.9    153.7    173.4 
  1963   257.9     64.4     55.1    212.0     78.5    126.8    165.1     83.8    128.9    193.5    427.0    271.3 
  1964   155.1    123.6     62.2    125.9    112.1    107.0    196.9    103.8    142.7    284.9    287.6    191.2 
  1965    23.2    138.6     78.1    269.0    180.4    127.7     28.7    179.3     76.2    358.7    419.7    165.1 
  1966    63.2     36.9     64.2    191.8      4.2     77.5     40.6     60.6    284.0    259.3    257.9    165.2 
  1967   105.9    130.8     55.3    218.1     28.1    175.9    110.7     84.6     49.3    412.0    449.8    320.4 
  1968    54.4     60.6    122.6    134.5     58.4    172.7    210.2    106.6    174.7    261.1    404.6I    -9.9M
  1969   124.4     22.9     57.2    158.1    207.3    107.4     24.9    135.6    104.3    472.5    109.3    243.7 
  1970    72.8I   222.1     65.8    188.5     81.9    106.0    125.6     59.4    126.3    335.8    378.5    195.5 
  1971   143.2     63.2    100.8    337.1     87.6    193.1    107.0    194.2    404.6    225.4    108.4    391.2 
  1972    17.2       .0     26.7    200.0    411.4     68.5    138.3     61.3    129.8    441.6    324.0    293.0 
  1973     3.4     18.6     68.0    132.1     60.6     83.2    121.3    127.5     46.3    188.9    289.4    307.9 
  1974      .0    123.3     31.2    249.4    213.2    115.9    236.8    151.2    224.0    137.8     88.5    164.3 
  1975    40.8     81.1    116.0    235.9    100.0    193.2    156.2    252.4    182.6    204.7    480.2     86.5 
  1976   100.8      3.0     33.0    152.8       .5     29.7     88.5    110.6     61.7    241.0    408.1I   200.8 
  1977     1.7     10.4     57.2    239.1    273.8I    97.5    100.2     56.3     20.0    512.3    245.6     77.2 
  1978    58.7     71.1    118.2     57.2    265.2    127.7     86.0    103.6    166.5    318.2    500.2    129.3 
  1979    18.3     53.5     56.2    146.3    173.4    181.2    146.2     41.1    279.1    263.8    461.4    174.9 
  1980     4.8       .4     39.1    210.3    186.4    111.7    102.5     87.7    150.0    211.6    362.7     85.4 
  1981    51.8     26.0     97.1     92.3     28.9    164.7    234.4     87.9    318.2     93.1    273.3     71.9 
  1982     4.8       .0     69.2    333.6    319.9    218.3    157.7     67.3     51.6    196.6    358.5    278.1 
  1983     5.1     11.4      2.1     11.4    182.0     77.9    110.9    123.7     89.9    162.8    258.1    288.5 
  1984   203.9    147.5    227.9    313.7    147.5    115.4    175.3     53.0    263.6    133.5    230.4    127.9 
  1985    92.7     45.6     88.1    103.3    183.5    383.4    210.9     69.6    106.2    284.3    302.5    216.0 
  1986   349.6    272.9     74.1    138.7     45.8    110.0     70.1    122.0    130.1    255.1     98.9     56.4 
  1987    82.4      7.3     59.1    193.0    159.0    134.0      1.1    111.5    191.4    304.1    199.9    186.2 
  1988    13.2    107.8     57.1    267.0     82.8     89.2    185.7    226.0    171.0     30.2    350.4    105.4I
  1989   102.4     15.9     62.7    121.7     77.2    225.5    255.3    149.2    150.0    273.6    391.1     23.8 
  1990   242.9    118.6    136.3    134.9    267.8     94.6     99.5     94.4     50.3    307.4    283.7    204.2 
  1991   194.0     11.8     62.6    208.6     83.7    235.7    128.1     90.5     64.2    285.2    206.8    196.9 
  1992    20.4       .0      1.4    243.6     80.3    104.8    190.5    167.2    101.0    249.2    280.9     76.3 
  1993    15.6     52.9     50.4     80.3    229.3    287.9    165.3     73.1     43.4    422.1    385.9    351.6 
  1994   140.7    152.1     31.3    161.2    128.7     64.9     88.2     78.5    100.4    425.2    346.9    113.9 
  1995   142.8    120.4     79.4    220.1    273.0    107.8     49.0     78.8     -9.9M   402.8    176.9     52.5 
  1996    78.9     89.5      6.4    237.1      1.3     95.0    141.5     91.3    181.7    271.0    357.3    156.1 
  1997      .0     85.9     42.6    191.9    127.2     45.9    112.3     39.3    287.1    438.9    326.7    214.4 
  1998    54.0     21.7     19.6      8.6    194.8    139.9    185.2    120.5    234.7    126.4    143.5    293.2 
  1999   312.8    240.4     65.3    124.3    190.9    187.6     39.6     32.1     84.2    207.3    211.0    202.6 
  2000   135.8    151.3    143.5    139.6     46.7    125.9     25.6    165.2    110.7I   189.5    258.9    177.1 
  2001   200.3     72.2     11.6    300.2     52.9    153.4    189.8     13.0    176.3    261.6    160.6    330.1 
  2002    23.6     49.7     98.7    457.1     79.9     96.1     87.0    155.2     37.0    333.7    376.2    132.5 
  2003   168.9     61.5    211.6    210.6    114.2    112.8    122.9    100.0    100.5     84.3    185.7     30.6 
  2004    56.3     50.6    112.9    152.7    160.7    113.5    132.5     64.8    104.0    162.5    173.8    281.2 
  2005    73.5     97.4    111.1    169.8     98.1    130.9    131.6     52.4    109.3    250.0    398.1    161.4 
  2006   204.0     76.4    266.3     76.5    139.3    109.5     87.5     79.0     46.2    374.6    510.0    151.4 
  2007    83.3      1.6    127.6    367.1     63.3    146.3    116.5     45.3    214.3    268.7    161.0    232.6 
  2008   108.6     84.4    383.7    303.5      2.0     54.5    115.1I    75.8     55.1    298.3    273.1     94.5 
  2009     8.8     23.9    206.6    109.0    219.2     90.7     47.6     86.4    123.3    333.1    416.2    279.2 
  2010   117.7     24.4     80.4    284.2    122.5    189.2    286.0    192.6    107.3    246.3    546.7    468.3 
  2011   383.2    305.8     83.2     -9.9M    -9.9M    -9.9M    -9.9M    -9.9M    -9.9M    -9.9M    -9.9M    -9.9M
 
 
 
 
