



                              STATION NAME : KEKENADURA (MATARA)     
                              LAT:  5.97N    LON: 80.57E    ELEV:   48.8M
                              ELEMENT : Precip,Total Mly in Millimeters         
                              Missing data values are coded as -9.9M 
 
  YEAR     JAN      FEB      MAR      APR      MAY      JUN      JUL      AUG      SEP      OCT      NOV      DEC
 
  1879    -9.9M    18.7     51.9    162.4    462.7    310.7    445.0     18.9    155.8    149.3    151.9    165.1 
  1880    16.7     30.4     70.9    177.4    615.5      6.3     73.4      8.8     36.5     77.6    143.4     13.4 
  1881    18.0       .0     12.9    117.4     24.6    156.5    115.1    176.5    208.0    214.6    183.4    146.3 
  1882   137.8     78.8    141.8     96.4    353.7    139.7    344.6    191.5     36.3    235.9    124.4     53.8 
  1883    -9.9M    61.3     98.0     77.8    238.1    126.6    235.7     90.8    182.2    384.8    239.2     57.9 
  1884    30.4     32.1     -9.9M    13.5    387.7    154.4     30.7     70.5    112.5    155.9    175.7     55.3 
  1885      .0     74.5     18.2     24.6    176.6    319.2     79.4     45.9     -9.9M   390.5    245.6    149.2 
  1886    62.1      6.2     17.3    112.7    299.0    140.3     93.4     33.7    112.0    150.9    179.1    221.6 
  1887    41.0     72.2     16.0    267.0     76.4    237.7     37.6    167.9     42.8    331.9    226.1    306.4 
  1888     5.3      2.0      2.5     66.9    249.2    332.9      8.1     37.8     87.9    184.0    203.1     92.5 
  1889    10.1     34.2     90.1    157.0    479.7    107.6     83.7     65.7    527.5     45.5    241.0     40.6 
  1890    -9.9M    -9.9M    -9.9M    -9.9M    -9.9M    -9.9M    42.2     27.8    123.6    282.7    174.2    134.9 
  1891    60.8     26.4    200.4     84.8    257.8    329.5    116.5    146.6    344.5    486.2    202.5    115.1 
  1892   219.4    278.2     10.1    127.0    216.3    122.8    135.3     59.1     95.6    509.6    273.9    178.1 
  1893   117.5     26.6     87.0    263.0    542.0    305.3    109.5    203.8     96.7    245.2    432.1    109.5 
  1894    52.0     14.9    159.0    200.2     36.7    463.3     30.7     76.8    149.9    275.4    222.8     78.0 
  1895    41.5     31.5      5.3     -9.9M   113.7    309.0     35.3    197.3    407.3    140.9     92.7    152.1 
  1896    93.6     83.0     72.8     38.9     80.1    207.5     52.8     86.8    229.1    110.4    218.1    255.0 
  1897     4.5    110.5       .0    181.6    166.1    198.0    189.4    259.1    198.9     90.8    142.7     28.0 
  1898    65.3     86.8     23.3     38.3     52.4     60.9    199.6     17.0     56.7    169.4    180.8     52.5 
  1899   150.6       .0     28.6     57.9    322.8    344.9    136.9     25.9     39.0     32.6     71.1    148.6 
  1900    36.9    103.5     73.8    171.4     81.5    573.9    237.2    223.8    408.2    129.9    107.1     -9.9M
  1901    -9.9M    44.8      7.5     41.8    162.2    142.8    118.4     14.6     17.3     26.3    200.2     56.1 
  1902    46.5     19.4     30.4     83.9    153.1    189.4     88.3     10.8    132.8    253.2    158.5     95.1 
  1903    23.1     14.1       .0     27.4    359.6    180.6    227.6     95.4    139.8    182.8    139.7    128.0 
  1904    80.3     82.1     69.4    259.7    162.9    226.9    101.2      6.6     77.5    143.2     23.5     43.0 
  1905     4.5     89.4       .0    277.8    207.4    227.0     32.5     85.0    165.2    253.0    215.3    147.9 
  1906     1.5     16.7     30.8     69.4    140.2     31.1    230.5     51.2     21.2    350.7    328.3     63.1 
  1907   156.5     26.5    104.6     54.0    186.5     62.1    182.9     94.5    145.4     -9.9M   284.8     51.2 
  1908    19.7     30.3     37.4     92.8    227.9     51.9     59.3    128.8    247.1    161.4    247.5    116.8 
  1909    35.4     31.6     96.2    126.2    176.8    122.2    252.5    263.1     94.3    269.9    195.1    107.2 
  1910    31.5      6.1    174.8     56.5     88.2    195.2    102.8     52.7    128.7    296.8    201.5     78.6 
  1911    25.2     26.4     98.7     56.9     52.7    181.3    103.6      1.2    200.9    278.0    297.6    324.6 
  1912    53.3     53.2       .0     34.2    196.1    259.8    233.3     51.3    274.1    517.3    181.0    278.2 
  1913   199.8      4.0     32.4     79.1    309.5     99.1     47.2     48.2     93.7    182.3    346.2    333.8 
  1914    73.4       .0    119.5      9.9    221.0    298.4    129.7     75.5     24.9    410.0    223.8    288.2 
  1915    39.9     20.5     79.8     93.3    255.3    238.1    517.0     78.4    205.9    239.7    477.7    121.7 
  1916    25.9       .0    174.8    109.6    695.3    123.2    309.3     36.2     73.4    209.3    117.5     28.6 
  1917     6.5     28.6    202.4     86.7    172.9    202.0    125.2     99.2    236.6    195.2     67.7    150.5 
  1918    91.5      7.1     40.2     40.1    133.1    129.3     57.9    150.4     53.0    175.1    116.3     44.3 
  1919      .0       .0     34.5      5.0     87.2    206.5    245.6     70.0    551.8    157.9    102.5    132.1 
  1920    39.6      8.3    196.3    112.4     40.8    239.5     94.8     45.4     60.7    144.5    410.6    114.7 
  1921    -9.9M    27.3     89.5    146.6    142.3     39.3    223.4    172.1    104.4    247.3    205.0     32.9 
  1922    27.6     52.8     41.1    222.1    232.2    178.2     56.5     89.7    132.6     73.9    259.7    177.0 
  1923   126.4     25.8     77.9    212.9     87.9    274.7    321.2    216.1    582.5    199.0    380.3    175.4 
  1924    87.5     62.0    208.5    175.6    313.9    148.5    263.8    163.6    292.8    174.8    252.9     71.5 
  1925   165.0     26.7    137.6     81.5    213.8    205.3     51.4    131.2    227.2    399.4    147.7     -9.9M
  1926    75.5     94.9     39.4     48.5    369.9    134.8    109.6    168.3    264.3    267.8     81.0    165.1 
  1927   137.1    117.1    272.7    160.7    387.6    333.5    179.2    243.6    255.5    198.1    235.8     78.0 
  1928    19.9     64.6     35.7    127.8    160.4    150.8    128.1    269.9     88.1    283.1    471.3    139.1 
  1929    35.7     20.9    135.9    222.7    123.2    152.3     73.8     38.1    168.6    186.2    297.6    152.9 
  1930    28.3    194.3    182.3    159.6    344.2    191.8     44.6     -9.9M   174.8    208.3    142.6     48.5 
  1931   122.3     22.7     77.5    212.5    370.8    205.6    147.1    283.6    163.2     88.2    248.9    213.2 
  1932    15.7     46.6     42.2    183.7    321.4     99.4     82.4    420.7     96.1    247.9    302.0     86.0 
  1933   167.7    110.5     94.8    332.4    616.7    220.2     94.7    120.9     87.1    230.2    349.1     83.8 
  1934    69.2     55.7    117.7    172.5    253.5    321.8     44.1     62.0     72.3    741.9    114.2     53.0 
  1935   117.1      5.4     62.3     46.1    467.2    231.2     45.7    147.5    104.2    330.2    362.6    319.2 
  1936    66.8    146.3     85.7     68.0    467.1    191.5     88.6     58.4    235.2    259.6    243.8    146.6 
  1937   125.4     35.0     47.7    285.3    350.4     77.0    149.7    284.2     93.5    108.8    404.5     68.8 
  1938    25.3    172.6    260.6    165.4     36.9     82.9    188.3     86.2    315.2     56.3     59.7    160.7 
  1939    37.8       .0     76.1    188.3    244.8    186.1    122.5    149.2    118.1    205.4    388.7    135.0 
  1940     6.4      1.5     23.5    146.3    346.8    298.8     66.9    107.2    108.5    292.0    432.7    307.6 
  1941    58.5     41.2     56.7    158.4    318.0    185.9    143.3    210.0    326.8    394.4    396.0     32.3 
  1942    57.5     55.5     65.9    281.2    276.2    176.9     82.1    116.9    241.5    416.5    148.6    287.2 
  1943     5.5     61.2    144.7    199.1    477.5    186.9     45.9     92.7     52.3    139.6    369.7    126.7 
  1944   115.0    229.1    116.8    118.9    621.8    211.1     99.6    185.3    211.1    351.6    356.5    113.9 
  1945    11.1      9.0    135.7     23.2     81.5    294.1    150.2     41.6    109.9    287.5    189.5      5.0 
  1946    12.3     72.1    112.8     56.5     20.0    117.0     86.2    148.4    286.2    391.3    288.9    236.6 
  1947    79.3     21.7    251.5    225.0    283.8    247.7    108.9    309.5     35.9    332.5     59.2    294.5 
  1948    41.4     41.9     58.3    156.0    163.4    222.8    101.2     34.3    182.6    278.3     98.3    261.5 
  1949   132.9     30.4     26.1     95.0    138.4    194.4    168.0    238.7    113.4    227.0    119.4    104.3 
  1950     1.7    111.8    119.2    265.7    105.6     72.4     97.1    158.4    171.1    291.8    133.3     38.9 
  1951   221.4     84.1     34.1    145.8    310.6    301.3    116.4     17.5    201.1    128.0    272.0     24.1 
  1952   205.8    110.5     82.5    143.7    153.7     98.0     81.5     38.1     91.8    328.4    181.4     96.5 
  1953    60.0     35.9    100.4    183.5      3.3    130.4    406.0     27.5     87.5    255.7    211.6    133.3 
  1954   181.2     61.7     63.5    348.7    248.0     24.8     48.0    158.1     98.6    320.9    144.0    215.1 
  1955   125.5    101.6     58.5     75.0    488.8    315.5    198.4     95.8    159.3    104.9    287.9     57.8 
  1956    37.6      1.0     66.3    246.4    113.4    234.4     17.6    164.8    135.8    158.0     78.8    182.1 
  1957    23.1     26.3     58.4    115.2    310.6     62.1    129.9     95.0     10.9    339.4    414.8    210.0 
  1958    79.1     91.9    158.2    123.1    159.9    228.9     87.5     57.0    155.4    272.2    390.5     70.0 
  1959    15.8     15.9     46.2    122.9    199.6    387.8     94.8    242.3    371.0     97.5    106.6     42.8 
  1960   114.4    101.0    102.8     62.7    164.5    105.4    156.9     92.6     70.8    147.0    112.2     26.8 
  1961   163.8     37.6     44.7     52.5    319.7     99.8     87.1    436.8    365.9    456.1    128.4     86.7 
  1962    83.3      6.0     65.6     84.1    338.0    124.4    201.7    208.9    141.3     60.7    181.6    126.7 
  1963   157.0     35.7     25.2     72.8    525.7    128.2    211.8    267.6    495.0    560.9    340.1    138.1 
  1964    47.9     65.9     68.1     34.4    217.4    217.8    364.0    103.9    239.0    313.2    210.1     52.2 
  1965      .0     59.8     14.9     85.7    255.7    111.2     75.9    296.0    339.4    399.9    306.5    323.4 
  1966    18.9     18.2    108.6    331.6     78.4     86.2     82.6    142.3    243.2    382.0    158.1    136.3 
  1967   199.6     43.1       .0     69.1    227.8    219.6    220.4    163.4    191.3    480.9    264.7     51.1 
  1968   216.3      7.6     53.3     31.9    188.9    364.9    219.3     54.3    115.9    144.3    145.2     87.5 
  1969    29.8     63.3     33.7     64.1    397.3     96.4     20.9    284.1     52.9    213.2    214.2    589.7 
  1970    17.7    101.3    212.2    200.0    424.2     36.5     84.1    116.3     75.9    154.0    171.7    109.2 
  1971   358.1      2.5    226.6    190.8    116.4    170.3     71.8    229.7    253.1     -9.9M   150.7    241.0 
  1972    16.8     30.4     88.9     38.2    337.9     71.3     66.2     76.5    274.2    302.9    259.3     14.5 
  1973    57.3     60.1    111.9     63.7    186.8    322.7    187.7     53.4    149.2    293.1    152.7    190.9 
  1974      .0     20.7     39.6    176.1    281.2    145.3    208.1    100.1    302.0     26.4    101.9     87.5 
  1975    51.3    122.5    121.3    193.8    211.4    205.3     31.3     80.2     75.1    232.1    238.4     96.4 
  1976    15.1       .0     35.7    123.8     94.0     74.3    117.8    130.4      3.5    233.6    478.1    183.8 
  1977      .0     31.5     95.0     53.6    271.2    132.4     56.7    144.9    120.0    310.3    186.8     27.7 
  1978    13.9    195.8    155.7     99.9    408.2    103.5     56.5    166.7    150.9    142.8    244.0     67.5 
  1979    28.8    148.1     16.0    107.2    107.3    195.8    176.4     44.8    389.1     -9.9M    -9.9M   152.2 
  1980    55.3     66.0      4.6    172.3     93.3    127.0     62.2     91.8    104.3    211.6    384.8    122.3 
  1981    26.9     34.6       .0    168.3    165.7     21.5     32.8    139.3    193.5    254.4    249.5    105.0 
  1982    32.5     18.8    130.4    122.0    179.9    292.7    222.0     38.9    115.7    342.5    468.8    140.5 
  1983      .0       .0     83.1     11.1     62.7    109.4     93.6    130.1    282.7     72.1    176.0    153.1 
  1984   144.8     91.2     52.5    234.8    290.1    138.5    164.5       .0     71.5     41.6    200.1     17.5 
  1985    19.3     25.0     32.8     39.1    185.6    268.7     35.9    136.5     85.5    125.1    167.4     96.2 
  1986    94.6     29.5     89.2     98.2     65.7     14.3     20.1     20.2     61.8     98.1    127.5     14.8 
  1987    47.0       .0     24.4     99.4     17.0     65.7      3.6    292.2     77.6    313.3    218.0     35.4 
  1988     2.0     50.8     39.7    126.3     97.3    154.3    169.6    139.7     92.3     16.0     94.1     17.8 
  1989    64.8     25.4     17.7     26.2     95.5     91.0     45.1     79.5     55.4     52.8     99.6     12.7 
  1990    34.8     12.7     12.7     50.8    129.1     76.6     60.0      3.8       .0    138.5    300.2     50.8 
  1991    -9.9M    15.2     36.9    126.4    161.4     47.1     85.1     66.5    162.1     -9.9M   497.9     -9.9M
  1992     3.1      4.2       .0     51.6    243.4    209.5    171.4    183.2    231.6    175.5    281.2     15.7 
  1993    41.8       .0     42.0     67.2    503.9    252.8    107.1     27.5    181.7    274.3    237.7     99.4 
  1994    21.0    185.9    105.5    120.0    399.6     32.8     85.6    179.5    284.7    152.1    132.0     86.2 
  1995    61.6     92.4     39.0    175.1    380.2    236.6     72.6    105.3     54.3    189.9    141.1     77.9 
  1996    29.6    121.3      5.0    213.4     12.9    223.7    112.9     39.5     -9.9M   134.4    175.9    215.5 
  1997      .0      9.1     -9.9M    -9.9M   142.8     66.0    219.0     73.3    313.9    208.5    462.6    210.0 
  1998      .0      4.5      3.0    130.8    170.5    123.7    184.2     95.5    179.4    172.0    221.5    274.1 
  1999    87.5     90.0     49.6    351.5    247.0    146.7    113.0     91.0    229.5    353.0    196.5      5.0 
  2000   167.0     81.0    294.0    127.3    164.4    246.0     15.6    203.0    325.0    100.6    119.2     94.2 
  2001   111.0    119.6       .0    107.6     50.7     33.9     63.2     36.8    225.7    149.0    191.7     87.0 
  2002    10.0       .0     51.0     27.9    170.8     35.8     51.1      9.5     94.6    419.7    297.1     60.0 
  2003    49.0     33.9     98.9    180.1    288.4     81.0    154.2     84.0    236.4    152.1    314.4     18.4 
  2004    47.8     63.2     53.0    207.4    225.0    120.0    119.0     54.2    359.5    225.4    137.8    188.5 
  2005    24.3     74.2     75.0    133.0    187.6    102.8    119.6     25.5    117.6    250.4    206.3     56.5 
  2006   164.0     42.0    126.5     43.0    167.0    217.5     66.5    136.0    179.5    409.2    180.5    149.0 
  2007   149.0     44.0     13.0    238.8     53.0    192.9     88.4    403.9    380.8    327.5     74.0    197.4 
  2008    32.5    226.9    151.9    116.5    220.1    196.6    176.5    103.0     18.0    347.7    426.0    133.4 
  2009    12.0       .0    110.5    106.3    241.9    241.1     59.8    234.5    241.5     66.6    377.5    234.8 
  2010    14.6     42.4     18.5      5.0    301.8    307.4    139.6    112.0    182.0    134.0    319.5    437.0 
  2011   102.3     70.3     51.2    167.4    173.8     -9.9M    -9.9M    -9.9M    -9.9M    -9.9M    -9.9M    -9.9M
