



                              STATION NAME : KURUNEGALA              
                              LAT:  7.47N    LON: 80.37E    ELEV:  116.1M
                              ELEMENT : Precip,Total Mly in Millimeters         
                              Missing data values are coded as -9.9M 
 
  YEAR     JAN      FEB      MAR      APR      MAY      JUN      JUL      AUG      SEP      OCT      NOV      DEC
 
  1885    -9.9M    -9.9M    -9.9M    -9.9M    -9.9M    -9.9M   159.0    173.6    181.4    458.1    542.9    179.4 
  1886    -9.9M    19.6     -9.9M   139.7    170.2    236.5    148.3    152.3     90.2    306.9    189.3     53.4 
  1887    56.3     54.2     67.2    356.3     82.0    222.8     71.6    133.7     44.1    521.6    362.5    359.1 
  1888      .0      1.5     57.2    194.6     -9.9M   307.6     34.0     14.2     42.6    452.1    250.4    145.5 
  1889    36.2      3.5    262.2    366.7       .0     36.9     -9.9M    81.3    225.6    208.7    101.5     58.9 
  1890    87.0    111.6    124.5    398.5    134.6     76.9     71.1     26.0     59.3    201.4    241.9    175.7 
  1891     4.7     31.4    313.7    272.4    713.5    328.0     82.2    114.5     63.3    843.2    314.3    471.6 
  1892   241.1     64.6    110.1    296.8     72.4    103.9     93.3     59.1     49.6    375.4    318.9     78.4 
  1893    21.0    148.8    296.4    207.3    130.5    235.3     34.0     53.0     25.7    320.2    245.4     91.0 
  1894   127.2     17.2     36.0    262.1      7.3    264.1     57.5    110.1     69.8    336.7     -9.9M    51.1 
  1895    22.1      1.4     63.6    329.6     65.2    218.3      8.0    107.0    109.1    598.1     73.4    161.3 
  1896   106.7     87.3     49.1    310.8    140.8    237.1    110.5     -9.9M   100.4    413.2    380.7    590.3 
  1897    14.0     20.5    118.5    313.4     77.8    325.8    111.5    218.2    183.4    220.9    374.9    283.7 
  1898    95.5       .0    112.0    143.4    145.4    165.6    122.3     -9.9M   225.4    353.0     -9.9M   122.5 
  1899   129.4       .0     60.4    432.5    194.0    241.7     32.5     17.7     45.1    460.2    117.4    165.8 
  1900    87.0     -9.9M    28.0     -9.9M    65.9     -9.9M   304.2    121.2     89.2    406.6     -9.9M    87.8 
  1903    -9.9M    -9.9M    -9.9M    -9.9M   234.7    202.9     85.5    155.6    330.6    443.6    155.6    126.4 
  1904   195.1      7.9     63.2     61.8    273.7    256.8    171.4     16.4    230.1    480.8    131.5    224.8 
  1905    15.1    122.4     70.4    255.2    407.3    161.4     44.2     21.2    165.4    379.8    150.5    104.5 
  1906    21.9     19.9    161.3    152.2    147.4    184.6     46.5     -9.9M    46.9    503.3    405.2    130.9 
  1907    13.0     55.6    186.3    269.5    139.2    203.4    128.2     61.3    149.5    352.4    247.0     55.5 
  1908    77.2     44.3    142.5    120.9     84.8     64.4     -9.9M    16.2    292.0    312.2    176.4    143.2 
  1909    81.7     41.2     -9.9M   232.6     98.1    136.3    167.6    302.6     36.9    208.1    317.2     71.8 
  1910    34.6    103.1     10.6    131.0    103.2    171.1    166.6     49.1     56.8    381.7    260.0    228.9 
  1911    44.6       .0     43.9     43.7     42.4    360.2     59.4      6.7    100.0    264.8    231.2    653.1 
  1912    12.5       .0    125.1    147.4    189.1    359.3    136.2     65.5     59.5    430.8    198.7    216.8 
  1913   450.8     18.1     72.2    246.4    190.2    137.5     62.9     30.1     58.4    681.8    313.2    324.0 
  1914    22.0      1.7    177.6    124.0    102.5    184.9      3.9     20.7    153.8    483.5    303.2    345.4 
  1915   120.4     37.5     43.2    204.5     26.6    156.4    241.6     14.1    145.5    169.1    371.4    157.0 
  1916    13.4      2.7    146.8    160.3    112.6    212.6    221.4     81.2    131.3    251.7    288.0     83.7 
  1917   112.9    213.2    256.2     82.1     82.8    163.5     80.5     84.9    329.5    264.9    385.1     60.6 
  1918   134.5      1.4     83.7    144.9    294.9    182.9     27.8     49.5     55.0    543.1    524.7    328.4 
  1919    35.3       .5    200.8    261.7    273.3    140.1     73.4     60.5    259.7    214.7    383.6    184.7 
  1920    76.4      7.4    261.1    508.4    112.3     -9.9M    37.7     71.0     84.4    375.8    745.6     69.5 
  1921   258.2       .0     68.0    258.6    121.9     77.0    169.0    181.3     95.2    323.1    111.1    168.1 
  1922    45.5    105.2     56.3    173.2    189.6    224.4     67.0     22.1     68.7    555.6    427.7    167.2 
  1923   325.6       .0    254.7    126.4      7.8    203.5    164.1    166.6    206.3    511.7    281.8    313.8 
  1924    21.9     -9.9M    -9.9M   213.3    129.3    180.9    205.3    141.0    305.1    299.0    238.0     93.0 
  1925   226.4     86.1    326.0    302.5    193.3    158.5     50.8     50.5    383.8    497.9    435.1    122.3 
  1926    74.6      2.0    112.1    243.1    533.9    196.1    201.7     79.5    166.3    234.7    309.8     60.4 
  1927   274.3     77.9    277.8    302.9    226.6    141.2     28.9     22.7    164.2    330.7     -9.9M    49.4 
  1928    63.6    132.9    163.3    450.1     53.0    162.1    171.5     92.9     28.1    550.1    389.3     45.2 
  1929    28.0     10.0     97.6    543.7    102.0    123.6     72.4     31.8    168.9    147.9    351.9     92.5 
  1930   119.1    119.2    137.5    168.8    373.3     78.5      8.7     85.0    156.8    783.4    198.3     68.6 
  1931   151.9      5.3     49.1    278.5    142.9    247.9    108.4    279.8     79.3    262.7    269.6    271.1 
  1932     7.1    111.7     87.0    344.6    189.7     36.2     74.5    153.4     92.2    403.6    237.8     44.2 
  1933   278.9     48.8    143.7    250.4    606.3    208.3    150.5    182.6    111.4    429.7    354.3    168.9 
  1934   319.7     50.6    265.1    110.8     15.9    192.5     34.5     12.7      2.2    286.9    195.1     96.6 
  1935    52.4     25.5    187.1    311.5    134.1    101.1     28.0    108.4     49.7     -9.9M   257.6    180.9 
  1936    78.2    105.8    412.3     27.0    443.3     75.7     52.3     29.7    206.2    342.2     87.3    298.8 
  1937   216.7     64.2    187.9    237.8    222.5     50.7    114.7    159.9    185.5    254.2    325.2     61.2 
  1938    54.6    156.7    223.0    345.1     30.3     25.7     47.3     69.0    117.0    125.8    106.5    140.1 
  1939   170.7       .2    123.8    432.0     56.6    188.3    181.6    241.2    116.6    307.5    324.5     96.3 
  1940      .7     21.0     69.0    406.8    390.1    285.4     63.8    136.9    125.7    550.1    408.7    146.1 
  1941    75.5     98.0     63.9    277.3    233.3    222.7     83.6    204.6    184.9    394.8    474.6    128.8 
  1942    32.5     28.3    202.3    317.5     95.8    218.7     88.4    210.9    136.4    214.2    138.3    341.8 
  1943    94.7     56.6     13.6    221.1    559.0    167.9     78.5     95.8     34.4    439.5    597.3    220.7 
  1944   172.4    108.9    211.0    234.9    136.3    103.8     49.9     51.7    131.3    481.5    444.2    212.7 
  1945     1.5       .7     60.6    113.1     25.4    185.7     71.2     34.5     45.0    368.8    323.0    252.5 
  1946    25.4     15.8    364.6    346.3     77.2    104.1     79.0    108.0     87.5    189.2    328.5    477.1 
  1947   253.5     27.7    268.9     75.7     52.6    170.8    202.7    308.5     84.4    309.0     13.0    135.2 
  1948    76.1      5.1    232.4     93.6     68.8    174.3     95.8    157.0     20.9    294.1    268.4    174.8 
  1949    70.1     -9.9M    35.7    170.7    255.8    196.9    207.0    191.3     57.7    142.1    188.6    114.7 
  1950    21.0     82.3    121.7    174.4    128.5    129.6    120.8     78.5    120.3    256.4    241.4     57.3 
  1951   246.6     57.4    164.8    191.1    153.2    100.7    145.0      1.9    367.3    262.8    383.6     62.7 
  1952    81.0    161.7     44.2    454.9    305.5     59.2     20.5    119.4     60.9    354.4    310.8     91.1 
  1953    21.4     90.8    131.1    187.5      3.5     34.8    425.3     36.6    124.0    470.8    127.1     46.9 
  1954    37.1     67.8    373.1    290.1    186.1     91.5    116.1    137.3     41.5    365.1     86.6    347.7 
  1955    84.6     38.1    228.4    311.2    227.0    186.1     34.7     72.1    344.4    436.1    221.2     30.4 
  1956    48.3      3.5    246.6    245.6     88.3    428.7     17.9     33.3     48.5    231.9    358.1    170.1 
  1957   110.1     70.0      7.0    276.7    205.1    273.8    116.4     26.7     15.8    259.8    552.6    600.9 
  1958    17.4      4.2    464.0    418.3    307.4    123.8     49.5     95.9     48.5    471.4    176.7     92.3 
  1959    12.5     70.5     90.1    431.3    276.1    292.4    273.3     77.8    154.5    350.7    191.8     72.5 
  1960    41.5    125.8      5.6    294.7    141.3    196.1    196.6     21.2     55.5    312.2    401.1     33.6 
  1961    42.9    132.0    155.9    268.7    234.0    227.0     90.6     95.4    198.1    330.7    252.1    104.0 
  1962    57.0    103.8     56.8    251.3    403.6    117.1    127.1     89.5    159.8    561.7     98.7     42.9 
  1963   151.4     23.2     54.7    334.1     97.7    124.2    157.1    116.7    239.1    379.3    433.1    167.8 
  1964    72.0    116.6    223.7    110.9     70.3    165.5    259.1     61.2    125.0    321.1    277.1     60.3 
  1965    46.6    101.3    107.2    293.0    223.5    114.6     19.6    212.0     97.0    421.8    279.2    149.6 
  1966    30.3       .5    293.1    409.7     27.4     88.6     47.5     72.5    378.8    160.1    436.4    228.8 
  1967    56.1    228.4    201.4    280.6    156.6    162.8    114.0    110.4     91.1    401.9    350.2    248.3 
  1968    35.2     30.1    134.6    326.6     54.3    313.5    189.5     35.2    135.4    436.7     -9.9M    -9.9M
  1969    82.9     18.7     47.4    312.2    335.4     97.6      9.2    157.9     61.8    503.2    134.0    253.2 
  1970    36.8    322.1    129.3    256.5    260.0     53.6    139.8     14.3    163.8    397.0    344.2    169.4 
  1971    97.5    311.0    124.7    535.8    149.5    309.4     73.9    223.2    352.8    292.3     69.0    305.4 
  1972     6.7       .0     91.4    409.9    536.0    156.8    123.6     44.3    134.7    733.1    494.3    192.1 
  1973      .2      7.2    167.2    204.2     87.2    113.3    161.5     71.8     46.3    202.6    147.7    264.4 
  1974      .0    223.6     76.0    228.1    200.5    140.9    200.2    101.3    233.5    176.5    177.3    112.4 
  1975    29.0    146.8    116.7    321.9    121.5    150.3    127.5    158.5    189.1    181.5    377.2    109.0 
  1976    66.0       .5    111.4    261.1     20.2     50.0     43.0     71.8     42.6    330.1    452.5    191.0 
  1977     1.7     27.2    201.6    293.4     -9.9M   159.7    101.9    108.2     43.4    682.9    330.2     38.0 
  1978     3.0     71.5    223.5    228.0    434.6     90.4     87.8     42.6    141.7    546.8    489.2     45.8 
  1979    12.8    125.9     51.0    157.0     58.1    247.1     76.1     21.1    156.2    193.7    618.6    169.2 
  1980      .0       .0     53.9    148.1    119.5    139.0     94.7     85.4    194.0    278.8    301.0    136.3 
  1981    77.2      9.0    122.3    177.1    110.1    140.8    187.8     74.2    376.3    199.7    385.7     52.8 
  1982      .7       .0    168.1    297.2    336.8    270.3    122.1    128.2     36.6    537.8    542.7    146.5 
  1983     1.0     17.0      1.2     72.0    218.7    116.3     70.8    120.7    131.4    365.5    249.8    182.6 
  1984   188.2    339.5    412.8    272.7    187.8     70.2    167.3      2.4    289.5    208.4    191.6    153.9 
  1985   145.9     84.3    114.8    152.8    206.6    371.9     97.3     42.3    116.5    303.1    476.7    133.1 
  1986   273.1    236.9    139.1    176.2     38.4     35.1     47.9     97.6    148.8    214.4    102.6     19.6 
  1987    65.2       .0    161.6    177.7    210.7    110.0      7.5     94.4    184.3    410.7    273.6    197.3 
  1988      .0     89.9    152.8    443.2    185.0    149.2    168.5    289.6    160.4    150.6     -9.9M    -9.9M
  1989   112.7     -9.9M    34.2    325.2    122.7    361.3     -9.9M    36.1    110.2    385.6    381.6      6.0 
  1990   161.1      2.9    222.9    140.1    275.7     36.1    134.2     15.0     22.3    474.3    377.7     86.8 
  1991   134.3      4.8    213.8    191.0    143.9    383.7    107.5     36.5     95.3    336.1    378.5    165.7 
  1992    27.0       .0     19.7    476.2    245.2    110.0    137.0     38.7     85.8    303.5    271.5     82.2 
  1993    13.3     13.0     56.1    224.8    159.9    135.2     94.9     46.5     82.1    619.3    390.6    176.2 
  1994    72.9    189.6     18.9    214.9    172.4    103.9     25.4     50.8    149.3    386.5    314.2     27.7 
  1995   108.2     21.3     96.4    471.9    369.3    169.4     19.4     83.7     33.1    347.1    315.2     20.6 
  1996    11.4     54.9     78.9    354.5      9.9    180.8     88.9     64.7    287.5    362.2    211.4     52.0 
  1997      .0      3.5     68.7    235.5    491.4     74.0    158.2     66.2    329.1    441.5    493.8    284.0 
  1998    32.3     70.8    162.0    146.8    343.3     94.1    232.1    150.5    207.0    399.3    147.0    214.7 
  1999   172.6    139.5     90.8    320.4    251.2    161.4     52.9     42.8     44.6    305.7    134.1I    39.1 
  2000    88.4    140.0    112.0    197.0     41.1    108.7      9.6    194.4    166.7    175.3    158.0    192.9 
  2001   181.7     96.1      2.2    389.2     44.6     63.1     88.8     19.6    177.2    217.9    194.6    124.0 
  2002    13.2     43.0    154.0    446.9    163.8     78.2     28.1     73.6    119.7    382.3    460.0     83.2 
  2003   102.9     63.3    146.3    235.5     45.9     78.2    104.2     70.1     65.1    205.9    100.0     10.8 
  2004    30.0     43.0     86.1    290.0    183.8    121.5     95.0     52.1    235.3    423.9    290.1    147.5 
  2005    49.0     59.3    214.7    160.2    101.5    105.0    115.4      8.0     52.6    562.7    478.6     99.0 
  2006   133.9     17.1    160.6     71.5    156.1    104.3     40.0    173.9     27.6    703.3    671.1     56.7 
  2007    32.0     24.4     55.1    170.2     53.0    191.3     95.9     79.0    185.6    339.4    211.6    180.9 
  2008    80.5    137.6    522.4    330.2    126.1     85.0    316.2     62.9     50.1    514.8    131.5     47.5 
  2009    21.2      4.8    369.4    160.2    172.0     95.2     76.3    255.8    179.8    130.8    268.0    317.3 
  2010    85.7      1.5    160.9    332.2    142.5    162.0     93.8     99.0    207.4    275.8    550.5    323.0 
  2011   177.5    154.4     86.8     -9.9M    -9.9M    -9.9M    -9.9M    -9.9M    -9.9M    -9.9M    -9.9M    -9.9M
 
 
 
 
