 
 
 
 
                              STATION NAME : PERADENIYA BOT.GARDENS  
                              LAT:  7.27N    LON: 80.60E    ELEV: ******M
                              ELEMENT : Precip,Total Mly in Millimeters         
                              Missing data values are coded as -9.9M 
 
  YEAR     JAN      FEB      MAR      APR      MAY      JUN      JUL      AUG      SEP      OCT      NOV      DEC
 
  1883    -9.9M    -9.9M    -9.9M    -9.9M    -9.9M    -9.9M   179.8    234.4    107.0    250.4    219.7    200.3 
  1884    10.1     29.7     47.1    149.8    212.2    119.1    102.9    181.6     92.6    496.1    270.9    187.4 
  1885      .0     23.0    122.9    228.3    216.4    428.4    226.7    115.7    236.8    293.4    322.2    143.1 
  1886   129.3     19.0    116.4    200.3    291.7    196.6    328.5    293.0     -9.9M   254.8    143.9     50.1 
  1887    31.9     80.0     88.2    365.9    104.0    278.8    116.4    114.0    116.1    321.2    261.6    401.6 
  1888      .0      3.0     68.1    134.9    157.4    393.2     58.7     85.2    102.6    453.1    165.1    276.8 
  1889    30.8      9.0    223.6    318.2    213.6    146.2    352.9    164.0    274.5    121.7    231.2    113.8 
  1890   211.7     -9.9M    -9.9M    -9.9M    -9.9M    -9.9M    -9.9M    82.9    204.4    156.5    361.9    183.0 
  1891    67.2     39.6    271.8    323.9    539.4    230.1     99.4    128.9     97.9    734.2    123.8    357.8 
  1892   208.9     68.6     45.3    106.4    184.9    220.4    201.2    193.3    101.3    530.4    288.6    107.6 
  1893    20.8     70.4    194.8    245.0    108.8    340.5    134.2     94.9     53.2    204.5    291.8     85.4 
  1894    93.6       .0    103.6    178.5      4.5    191.4    157.4    167.3    149.3    278.0    327.0     56.4 
  1895    80.4     27.2     94.7    134.6     69.7    334.0     92.0    146.6    116.7    451.6     44.6    369.6 
  1896    92.3     87.8    192.5    202.7    143.9    356.1    167.0    104.8     94.2    646.1    377.3    504.5 
  1897     9.8     47.6    169.8    377.6    130.9    284.1    151.7    356.2    246.1    176.7    354.5    359.0 
  1898    73.7     13.8    116.3    223.6    110.3    200.3    191.1     42.2    241.1    462.8    177.9    100.2 
  1899   188.1      2.0    147.0    469.0    195.7    282.1    140.0     87.2    189.2    344.9     99.5    168.1 
  1900   118.1     54.8    184.7    227.1     70.0    307.6    392.9    241.4    243.5    213.1    555.6    173.2 
  1901    50.6     47.1     52.0    304.7     98.0    390.5    208.7    151.1     84.5    167.3    467.4    120.0 
  1902   106.8     18.3    181.2    394.8     95.5    112.0    342.0     78.2    252.4    634.5    439.7    171.3 
  1903    67.9     46.9      3.4    174.2    312.4    145.2    189.7     80.0    299.3    330.7     74.5    254.8 
  1904   279.4     47.3     79.9     98.4    276.4    479.3    282.3    100.6    244.7    356.8    151.4    204.0 
  1905   102.3    123.4     46.2    170.6    317.6    342.1    152.2     68.8    137.7    404.4    122.7     66.8 
  1906    69.6     56.1     88.8    107.9     48.8    122.7    278.7    166.1     57.2    484.0    180.7    133.5 
  1907    25.3     42.8    152.0    199.9     53.2    318.7    232.3    207.0    118.0    425.9    286.5     41.3 
  1908    69.9     42.6    111.4     68.7    116.2    178.4    179.8     49.2    357.6    178.4    104.3    280.9 
  1909    70.3     55.8    253.1    184.1     61.0    269.2    297.4    339.3    135.3    159.4    309.2    152.2 
  1910     4.2    160.6     25.2    201.3     36.5    216.1    193.3    361.7    186.0    256.7    339.5    345.0 
  1911    42.2       .0    203.5     93.0     36.1    403.8    205.5    122.7    201.6    317.7    198.6    512.6 
  1912     9.7     10.1    120.1    147.7    106.4    247.9    382.4    115.6     61.4    275.2    241.8    376.0 
  1913   565.3     22.9    101.1    234.5    112.2    182.5    140.2    131.5     55.9    812.4    282.0    410.0 
  1914    41.8     11.4    109.7    132.2    136.4    242.4    134.9    113.8    221.9    364.8    222.0    412.4 
  1915   238.0    126.7     67.6    234.8     77.6    211.3    322.1    116.0    270.4    100.6    349.4    119.3 
  1916    12.4       .0    265.7    181.7    189.3    339.6    307.7    158.0    157.2    172.6    257.1     21.2 
  1917   123.0    161.2    181.7    116.7    136.0    261.4    159.0    252.1    381.1    242.6    488.1    105.7 
  1918   116.2       .0    149.4     78.5    334.4    274.5     64.9    176.0     35.1    419.7    438.7    317.8 
  1919    39.7       .0    146.8    157.4    252.9    184.8    192.0     77.2    265.2    195.8    446.8    234.5 
  1920    90.6     10.1    164.4    226.3    179.4    566.1    191.4     33.8    180.9    283.8    627.7     56.3 
  1921   234.3       .0     82.9    154.8     32.2    116.7    194.7    301.2     55.3    266.2     94.5    153.7 
  1922    30.6    133.0     62.8    173.5     90.0    281.2    253.3    148.9    174.6    355.9    301.6    157.0 
  1923   361.2       .0    146.1    121.5     11.0    540.5    241.0    284.4    277.6    473.9    263.5    374.0 
  1924    25.9     84.1    190.8    140.2     97.2    192.5    292.6    249.5    404.8    278.8    157.9     85.8 
  1925   201.5     77.9    177.5    133.1    259.6    190.4     44.0    174.2    198.4    302.6    395.9    195.0 
  1926    39.2     14.7     63.7    252.1    533.6    185.6    274.6     85.1     97.0    217.7    244.4     50.7 
  1927   273.5     57.8    147.8    192.3    228.7    156.7    156.6     25.8    216.9    262.3    139.6    146.5 
  1928   178.9     72.4     67.4    389.4    108.3    180.3    312.2    211.6     93.5    379.9    180.6    200.6 
  1929    17.7     10.6    174.7    399.9    102.9    317.6    220.5     35.9    203.5    149.8    459.9    122.7 
  1930   320.3     65.8    162.4    167.0    373.9    338.3     39.1     77.6    214.8    490.4    293.9     34.8 
  1931   153.8     21.5     96.3    327.4     98.2    256.4    119.7    485.9    191.4    339.5    271.7    291.0 
  1932     4.2    101.3     92.2    225.3    245.2    109.8    157.9    120.4     71.3    328.5    425.2     70.3 
  1933   327.2     93.2    160.4    161.0    773.4    229.7    265.6    231.9    222.5    318.7    310.9     53.6 
  1934   214.4     93.0    233.6    240.4    158.7    210.4     93.3     30.0     17.2    282.3    169.6    112.1 
  1935    62.5    113.2    179.2     71.9     45.6    160.9    100.6    165.5     84.4    520.6    360.4    280.2 
  1936   108.8    128.3    292.9     41.2    474.6     93.5    256.5     81.2    371.2    158.1    133.4    265.4 
  1937   188.5     93.2    121.4    106.4    134.7     97.6    262.4    211.9    156.3    199.7    440.0     37.1 
  1938    55.6    165.7    243.8    231.6     37.0    162.9    151.5     73.2    241.8    112.6    203.6    145.9 
  1939   166.6       .0     50.9    434.2    158.5    236.5    232.9    266.7    109.1    253.1    462.4    153.2 
  1940     2.0     25.7     67.6    335.6    701.5    400.8    128.9    139.5    249.9    314.3    402.9    199.5 
  1941   105.0     66.6    163.2    214.5    462.0    207.3    143.6    221.3    177.3    362.5    352.8    263.5 
  1942    40.5     32.6    156.5    306.3     73.7    266.3    366.4    211.9    103.9    210.8    147.6    414.3 
  1943    83.1     44.4    154.3    170.8    623.9    347.1    182.9    116.4    117.1    332.2    454.3    256.1 
  1944    78.3    186.4    175.8    203.5    152.2    174.5     79.4     37.5    132.7    376.8    258.1    272.5 
  1945    10.1      8.6     78.5    244.3     10.1    222.8    113.0    108.5     60.8    372.2    432.2    319.5 
  1946    37.6     59.5    178.4    342.3     62.5    175.3    130.7    252.0    204.1    214.4    420.0    525.2 
  1947   187.5      8.5    219.6    179.2     43.6    112.9    126.8    811.8    150.0    327.8     56.7    152.5 
  1948    42.0     20.3    108.7    276.4     95.2    318.3    231.8     84.9     47.9    311.7    177.3    244.4 
  1949    63.7     33.1     39.8    263.8    179.4    249.2    358.5    238.2    125.3    199.4    201.4    213.2 
  1950    36.8     95.3    120.5    148.2    215.7    181.4    222.5    165.7    264.3    218.5    221.1     55.5 
  1951   393.6    121.7     76.9    298.2    153.5    336.4    160.0     34.7    291.2    346.9    465.3    117.4 
  1952   150.5    146.2    134.2    424.7    474.2    170.1     33.6    162.0    102.0    316.7    181.7     59.6 
  1953    42.2     65.6     98.9    301.2       .0     74.9    352.1     66.5    102.7    479.1    266.7     78.6 
  1954    43.5     92.8    393.3    246.9    141.7    118.8    160.4    300.0     45.2    445.9    125.5    373.0 
  1955   102.6     99.5    268.4    307.4    273.1    303.3    153.9    111.2    308.9    208.5    170.1     43.8 
  1956    21.0     23.1    219.6    174.2    148.2    341.3     53.8    174.3    112.8    282.4    501.7    142.1 
  1957    85.9    202.8    100.0    195.7    303.9    282.4    366.1     70.4     14.9    229.4    491.5    694.2 
  1958    52.2     15.7    352.0    279.7    204.9    137.8     73.3    229.2     27.1    384.9    307.5     43.6 
  1959    22.2     10.1     22.8    412.6    328.1    337.8    313.5     73.8    156.3    349.6    273.8    135.3 
  1960   183.0    283.7     27.5    388.9    183.7    156.8    199.8     53.6    375.3    280.7    407.5     76.9 
  1961    75.9     83.6     54.0    209.1    246.0    107.2    174.1    237.0    113.0     -9.9M   214.5     74.4 
  1962    24.4     42.5     53.3    249.5    346.5     57.3    114.5    128.4    183.0    305.5    140.5     82.0 
  1963   137.7     34.6     62.8    205.7    144.9    157.7    131.2     -9.9M    84.2     -9.9M   269.4     -9.9M
  1964    59.5      9.0    101.8     -9.9M    -9.9M   144.1    103.8     67.4    119.1    142.5     -9.9M    -9.9M
  1965      .0     98.4     49.9    251.0    180.8    107.2     48.1    215.3     73.2    498.1    384.1    209.0 
  1966    46.1     73.3     51.7    212.6      1.0     88.1     52.3     85.1    415.9    309.0    238.2     91.2 
  1967    90.0    108.1    176.4    161.4     35.8    193.4    117.2     76.4     38.3    414.3    413.4    263.4 
  1968    25.3     60.1     99.5    185.0     77.7    206.4    270.2     74.9    122.9    317.2    253.1    233.8 
  1969    43.8     29.1     50.9    221.9    272.4    108.1     50.1    148.9    122.7    495.1    169.3    261.0 
  1970    77.5    174.5     66.9    301.3     64.4    137.0    269.0    156.1    133.5    291.0    302.8    234.0 
  1971   149.8    102.7    132.6    305.8    155.0    297.5    156.6    196.4    483.1    251.8     81.5    218.8 
  1972      .0       .0     94.0    176.7    426.1     63.9    183.5     72.2    188.3    528.2    306.9    223.9 
  1973      .0      4.0     77.5    108.4     61.4    120.5    124.3    207.1     33.8    206.3    257.6    285.6 
  1974      .0    147.3     55.0    336.4    258.8    105.9    316.6    167.4    333.3     58.4    167.8     87.3 
  1975    16.8     67.1    140.0    410.6     98.7    228.1    152.2    248.1    253.9    278.5    500.4    124.2 
  1976    62.4     50.8     38.7    203.9       .0     28.4    158.8    118.6     44.3    247.8    414.5    145.2 
  1977      .0       .0    106.7    268.2    360.9    114.9     50.3    125.2     11.5    635.8    422.7     19.6 
  1978    29.0     40.6    143.5     68.2    258.6    167.7    118.8    113.4    204.2    230.2    502.5     71.6 
  1979      .0    132.6     54.4    158.5    183.2    255.9    226.1     77.7    245.6    397.1    392.6    152.8 
  1980      .0       .0    111.3    205.4    103.4    132.2    103.5    110.8    115.7    192.3    364.3     72.5 
  1981    23.9      1.0    117.5     79.8     32.1    185.8     74.2     68.1    378.8    338.8    295.3     45.8 
  1982      .0       .0     75.4    292.9    293.3    232.6    187.5     71.4     37.0    231.7    368.6    164.9 
  1983      .0       .0     -9.9M    -9.9M   176.5    147.1     92.0    178.9    109.9     -9.9M    -9.9M   279.7 
  1984   253.9    126.8    221.3    238.6    120.6    180.8    345.6     71.0    267.4    139.6    326.0     80.4 
  1985   115.9     92.0    180.7     92.4    288.0    453.9    242.9     90.3     81.5    335.5    272.4    139.6 
  1986   299.6    214.7     99.2    243.2    127.0     64.6     96.2    163.4    113.5    302.2     61.0      1.0 
  1987   445.7       .0    114.9    286.5    270.1     98.8       .0    109.9    136.5    467.0    358.0    133.8 
  1988     1.0     33.0     83.5    288.6    140.3    116.0    201.9    281.0    173.3     46.4     -9.9M    -9.9M
  1989    75.0     21.3      7.3    122.1    107.9    303.4    260.6     10.1     81.2    280.0    273.0      5.2 
  1990   214.5    150.4    234.7       .0     36.1    179.7    117.0    113.9     97.1    384.5    244.3    124.7 
  1991    80.6      3.1     -9.9M    -9.9M    -9.9M    -9.9M    -9.9M    -9.9M    -9.9M    -9.9M    -9.9M    -9.9M
  1992    -9.9M    -9.9M    -9.9M    -9.9M    -9.9M   213.1    259.8    126.4     63.3    248.3    233.2     90.5 
  1993    53.5     30.7     44.8    143.0    323.1    343.5    203.1     80.0     30.1    561.9    256.9    283.1 
  1994    91.7    113.9     12.5    169.7    170.9     87.1    190.6     80.6    136.8    570.2    304.4     82.0 
  1995   199.2    111.2    167.8    360.0    345.8    171.1     68.5    102.9    144.8    405.4    264.7     48.9 
  1996    39.5     57.1     77.0    219.2    127.7      1.4     54.1     -9.9M   130.7    274.0    460.0    254.5 
  1997      .0     36.4     12.3    342.0    254.4     71.4    136.7     77.0    358.8    444.3    400.2     -9.9M
  1998    -9.9M    -9.9M    -9.9M    -9.9M    -9.9M    -9.9M    -9.9M    -9.9M    -9.9M   296.0     85.5    237.7 
  1999   225.4    129.6     91.9    278.8    268.8    334.2     85.4     86.0     38.0     -9.9M    -9.9M    69.7 
  2000    78.0    159.1     75.6     94.7     83.1    137.9     43.8    166.4    127.2    160.2     71.5    148.2 
  2001   120.4     40.5     52.8    131.9     33.7     64.3    161.2       .0     60.7    102.8     28.1    107.3 
  2002     7.4     13.8     88.9    187.7    163.4    129.2     66.0    140.8     53.8    203.0    587.2     69.6 
  2003    79.7     21.4    143.3    213.4     84.8     73.6    139.5    125.1    108.9    113.8    147.8      6.9 
  2004     9.4     13.4    243.3    164.4    123.2    150.9    113.7     99.1     84.5    142.0    146.5    248.3 
  2005    84.7    116.6    127.7    245.3    151.5    172.9    100.5     52.7    152.7    230.2    403.7    144.0 
  2006   130.2     66.1    172.4    155.7    135.0     98.5    105.2     73.1     49.7    363.9    550.5     86.9 
  2007    38.6       .0     56.6    292.8     47.4    168.7    151.5     59.7    267.6    388.9    170.3    181.0 
  2008    86.6     61.0    295.1    238.0      7.2     92.9    163.0     58.9     92.3    276.3    173.9     97.0 
  2009     2.0       .0    256.5    120.9    244.4    107.2     65.7     80.6    160.6    403.2    345.5    301.0 
  2010    12.0       .0     77.9    383.7    123.8    211.0    267.7    286.1    134.7    233.1    565.6    408.3 
  2011   350.1    240.5     50.4    176.1     90.8     -9.9M    -9.9M    -9.9M    -9.9M    -9.9M    -9.9M    -9.9M
