



                              STATION NAME : LOWER SPRING VALLEY     
                              LAT:  6.92N    LON: 81.10E    ELEV: ******M
                              ELEMENT : Precip,Total Mly in Millimeters         
                              Missing data values are coded as -9.9M 
 
  YEAR     JAN      FEB      MAR      APR      MAY      JUN      JUL      AUG      SEP      OCT      NOV      DEC
 
  1884    -9.9M    -9.9M    -9.9M    -9.9M    -9.9M    -9.9M    -9.9M   116.9     98.2    449.7    261.4    586.3 
  1885   165.5     -9.9M   129.5    132.8    294.7    167.9     27.9    134.3    217.9    430.6    223.6    430.7 
  1886   265.2    100.8     98.6    328.8    191.6     21.7    179.3    167.0     97.7    213.6    151.7    282.8 
  1887   139.7     98.8     59.6    280.6    136.1     94.2     32.3    263.2     10.3    217.9    236.5    941.1 
  1888    16.9       .0     83.2    173.7    138.4     46.3     21.9    137.8    100.5    268.1    339.2    435.7 
  1889   175.0     21.9    239.9    286.4    262.2     56.3     58.9     66.1    123.3    205.3    118.3    186.1 
  1890   148.9     83.5    151.7    458.0    145.2     79.8     95.1    133.0     26.3    273.2    268.4    184.0 
  1891   274.4    122.0    230.1    197.0    175.8     71.0     67.1     12.6    130.7    545.2    273.7    593.3 
  1892   899.2    233.0    115.0    243.0     71.4    183.4     57.5    157.3     85.6    231.4    431.4    205.0 
  1893   146.5     35.2    364.2    265.3    271.2    150.3    195.9    126.1    133.4    331.8    400.6    382.4 
  1894   183.5     61.0    189.1    191.8    137.1     49.1     45.4    177.6    193.3    187.3    348.4    317.3 
  1896   313.0    195.7    140.1    290.9     42.5    106.2     76.8     84.6    150.0    479.2    339.4    890.6 
  1897   137.5     79.8    233.0    423.2    279.9     61.3    116.0    183.8    236.2    218.6    265.3    444.2 
  1898   254.6     55.9    142.8    307.9    184.8     21.4     95.6    121.3    219.8    463.8    185.1    422.5 
  1899   556.0     11.9    160.5    459.2     57.9     15.7     61.7     12.8     23.3    394.6    257.9    312.3 
  1900   245.1     15.7    106.1    156.1    199.9     25.0    198.6    140.3    112.0    408.2    598.5    384.8 
  1901   155.9    211.8     84.4    278.6    102.4     71.9     83.2     70.6    246.0    142.5    381.3    221.1 
  1902   338.4    125.9     85.5    256.6    223.8    190.8     11.1    184.1     65.7    693.6    454.1    297.7 
  1903   312.5    250.1       .0    193.2    270.9     50.7     48.8    192.9    212.3    264.6    149.6    316.0 
  1904   620.7     41.9    108.2    170.3    105.1      9.2    185.8     74.7    116.8    297.7    181.4    342.9 
  1905   164.2    110.0     53.5    199.7    103.4     41.4     65.5     89.6     69.7    259.6    422.7    181.4 
  1906    93.3     73.3    132.9    121.5    137.2     95.3     65.9    207.3     63.3    309.0    330.6    232.8 
  1907   103.3     54.7    389.4    336.0    113.9     92.9    147.2     43.9    173.1    418.6    379.0     71.2 
  1908   220.6    250.0    274.8    116.5     53.1     28.1    100.7    199.6    131.1    190.5    169.2    406.8 
  1909   151.3    124.6    261.6    240.3     42.5     13.9     32.4    257.2     19.1    179.3    151.2    147.5 
  1910   307.1    106.7      9.9    283.6    181.0     45.2    210.4    177.7    113.7    304.4    286.9    466.2 
  1911   195.9     45.0     95.5     40.6     77.9     85.1      8.0     47.4    163.5    376.8    525.6    779.6 
  1912   127.6     85.5     55.8    127.0    237.8     32.9     53.7    130.8    127.2    116.6    270.0    503.8 
  1913  1225.1    239.7     99.8    400.0    187.2     52.7     24.8     76.5     20.1    534.8    174.7    589.6 
  1914   277.7     53.1    106.4    207.4     75.0     25.9     13.6     91.9    109.1    287.7    305.3    398.5 
  1915   344.9     80.1    220.4    251.2    102.7     77.6    151.5    183.9    178.4     71.7    213.5    317.0 
  1916   117.8     12.1    163.2    252.5    248.4     32.6    238.8    230.8    180.5     81.0    297.1    180.7 
  1917   601.2    388.5    323.3    132.3     58.0     85.0    214.1    218.5    227.1    160.2    381.0    206.2 
  1918   320.1     40.0    120.2    141.7     68.7     81.0     74.3     38.6     55.8    438.1    279.9    291.1 
  1919   154.2     40.9    155.9    109.5    216.5     17.9    150.1     55.3    185.4    424.3    292.1    391.5 
  1920   244.6     82.2    193.1    354.3    276.4    105.4     -9.9M   103.5    108.5    136.1    428.8    235.2 
  1921   337.5      4.7     65.2    308.5     -9.9M    74.5     98.4    231.7    231.0    437.5    186.4    341.8 
  1922   230.9    173.9     59.2    129.4     60.9     43.3      5.7     57.1     29.2    516.0    383.0    112.1 
  1923   614.5     14.7    166.5    218.5    173.0     46.0     35.5    123.7    143.9    387.8    290.7    689.8 
  1924   200.3     56.8    212.2     98.1    147.1     48.8      9.0     89.2    226.4    170.5    162.2    297.5 
  1925   443.4     85.6    353.8    352.1    118.4    137.5     59.9     33.0     95.6    274.5    479.1    340.4 
  1926   271.0     29.3    144.9    105.8    297.9     35.4    112.2     42.4    138.9    283.8    333.8    265.0 
  1927   396.6    102.8    364.8    274.4     75.2     94.5     19.5    204.3    224.0    149.0    303.7    260.1 
  1928   236.3     43.1     70.9    316.1    146.5     36.7    185.2     51.1    128.1    359.6    460.1    291.6 
  1929    64.8     65.9    166.7    331.5    264.7     97.4     50.3     94.8    266.5     95.3    261.5    441.9 
  1930   187.3     86.7    154.9    324.2    338.6     73.1     44.5    109.8     26.6    525.7    344.2     40.9 
  1931   476.1     73.2    104.4    288.5    170.5     20.4    125.1     59.3     80.6    164.1    495.0    674.6 
  1932    97.3    215.7     72.5    143.5    146.0     85.3     11.5    320.8     57.9    278.7    305.7    216.2 
  1933  1080.0    123.8    130.7    271.7    372.7     40.6    192.1    211.2    232.7    212.3    433.0    148.9 
  1934   568.5    213.9    271.8    279.2    127.6     71.8     12.6     32.8     61.0    315.0    168.7    275.8 
  1935   322.7     93.6    174.7    131.3     26.0    165.6      3.4    107.9     80.5    216.3    444.7    459.7 
  1936   235.3    129.2    260.1     61.1    206.5     46.2    179.2    100.8    175.8    223.3    208.1    474.2 
  1937   382.6    120.6    127.2    208.8    158.5      7.8     36.9    210.4    165.6    316.5    307.5    117.5 
  1938   204.3    389.3    317.4    523.3     27.6     62.3    162.0    179.6    253.9     47.3    146.0    380.0 
  1939   140.4     40.9    106.1    606.8     66.8     81.4     14.5     80.4     70.3    198.1    295.6    343.4 
  1940    51.1    134.7      9.8    306.3    355.5     95.5     46.2     51.7     62.0    450.1    482.2    325.6 
  1941   212.0     88.4    207.1    282.8    223.1      2.9     40.0     58.3    153.4    426.8    362.5    147.7 
  1942   216.6    124.7    142.9    288.0    121.3    118.5     30.0     54.8    190.4    163.2    221.5    570.1 
  1943   107.9    102.8     94.0    132.6    140.9     19.5     84.2    185.4     59.6    325.0    300.6    626.8 
  1944   222.3    456.5    232.3    210.2    136.5     19.4     93.3    212.2    158.4    371.5    572.9    271.9 
  1945    22.9     57.3    303.7    191.7    122.4     56.1    182.6     33.9     19.8    450.8    432.1    135.3 
  1946   208.8    128.5    447.6    320.2     94.6     19.9     32.9    131.9    213.8    280.3    416.0    305.1 
  1947   308.7     27.7    274.6    228.3    224.1     69.1     80.0    180.7     80.6    246.5    114.1    311.1 
  1948   200.5      8.5     80.6    175.2    148.2     17.2    217.0     92.0    105.2    239.4    390.6    438.6 
  1949   270.4     68.1    101.5    295.6    116.7     55.8    215.0    417.2    192.5    205.6    478.7    466.2 
  1950   185.1    122.9    195.6    119.9     88.6     43.1     82.9    140.0    102.7    122.3    145.6    227.0 
  1951   688.3    135.5    175.8    330.4    185.4     39.3     63.1     49.4    301.2    355.9    404.3    432.2 
  1952   482.6    122.4    225.0    339.5    162.8     42.1     46.7     61.2    155.5    122.9    236.4    289.5 
  1953   312.9    169.8    168.4    249.8     24.6      4.4    118.4     73.1    139.3    349.0    251.1    366.6 
  1954   271.9    196.7    139.9    335.3    158.9     20.7     30.9     89.3     52.0    331.8    187.0    314.6 
  1955   567.2    247.3    201.1    300.4     99.2     62.3    136.7    146.2    271.4    166.7    182.9    194.5 
  1956   136.5     39.7    224.3    135.3     68.4     94.6     29.0    190.0     48.1    101.6    503.6    301.6 
  1957   191.3    162.9     45.2    105.6    188.4     64.8     88.7     72.6     62.1    354.9    523.5    944.0 
  1958   243.0     62.6    279.4    346.0    260.5     24.2     39.3    115.6    147.2    254.0    262.7    270.1 
  1959   217.8    110.9     50.0    454.2    196.1     37.4     56.8     42.7    190.2    283.0    367.6    215.9 
  1960   333.5    511.0     34.8    295.4    164.2    113.5    236.9     21.1     69.8    288.0    251.8    160.6 
  1961   318.2    234.5    290.1    228.2    145.8     43.5     84.6     70.9    279.2    246.9    445.7    413.7 
  1962   265.9    112.4    251.3    283.8    138.1     52.7     54.5    142.1     93.8    370.3    360.1    325.0 
  1963   443.1    193.6     65.7    242.3    184.7    104.2    169.2    142.2    260.4    174.6    314.9    382.5 
  1964   367.8    301.3    188.0    296.2     50.0    172.6    187.7     97.1    100.1    228.9    181.3    210.0 
  1965   131.5    251.7    119.2    375.4    298.2      3.4    118.1    239.4     94.8    272.5    519.4    362.3 
  1966   209.2     39.2    320.8    132.3     72.5     98.8     34.6    229.4    222.9    258.9    261.6    280.5 
  1967   214.0    219.1    149.4    179.4     85.7    112.0     40.0     68.5     76.9    268.3    556.2    278.8 
  1968   120.8      9.7    177.7    235.5     81.1     45.3     10.4     23.5    138.2    369.1    203.8    273.0 
  1969   277.0    109.3     94.2    264.9    119.0     54.8    103.0    265.7     49.0    274.0    150.6    655.1 
  1970   264.2    422.1    142.8    446.1    189.9     52.6    113.7    146.3    164.1    126.5    466.5    328.4 
  1971   347.1    159.3     51.8    390.3     77.7     13.0    108.8    236.8    280.2    205.6    254.0    592.2 
  1972   180.5     24.2     53.6    205.6    139.5    147.7     71.9     21.9    165.8    619.3    297.0    396.3 
  1973    80.9     62.4    112.6    167.4     54.9     26.3     99.5    117.1    104.8    302.8    233.9    602.3 
  1974    11.8    168.9     12.2    259.8    134.9    134.7     73.4     27.3    167.9    164.2    136.4    486.9 
  1975   235.7     64.6    233.4    264.7     99.4     17.7    199.4    231.1    237.9    105.9    431.6    315.6 
  1976   377.0     56.2    111.2    327.2     35.9     49.7     56.1    126.4     65.7    122.5    405.9    324.9 
  1977    18.8    116.0    108.1    224.5    189.5     -9.9M   142.8    108.4    152.0    424.6    227.1    350.7 
  1978    72.7    110.5    178.7     80.9    298.8       .5    119.1     11.9     48.3    326.0    223.0    393.4 
  1979   111.6     30.3     70.7    175.3     46.0     47.1     58.7    106.1    350.0    486.0    531.6    198.2 
  1980    77.2       .0    439.5    344.0    131.2      1.0     10.5     60.8    187.8    254.9    327.5    164.7 
  1981    89.9    119.4     78.4    205.5    193.1     10.2    156.8    101.9     -9.9M   177.5    286.3    254.2 
  1983    95.0     26.7       .0     69.1    164.9     95.5     95.3    145.8    122.1    358.1    286.9    584.8 
  1984   350.1    275.9    203.8    238.4    222.0      9.7    158.1     63.0    256.3    167.0    280.1    138.2 
  1985   175.8    118.1    179.4    134.4     57.7     65.8     99.5    161.8     91.0    320.0    177.4    324.8 
  1986   534.8    126.4    341.4    208.8    196.0    105.2     65.8     57.5    167.3    367.6    198.5    217.9 
  1987   245.1     20.3     93.6    235.0    194.4      6.0     35.3    242.0    250.9    509.1    262.9    148.4 
  1988    69.5     79.3    240.1    494.1     45.2     58.4    101.6    317.4    106.0    114.9    425.6    253.5 
  1989   224.4     23.1     94.9    262.3     99.1     57.9    215.3    132.4    155.9    429.0    401.9    198.4 
  1990   421.3     72.1    174.5    106.7     70.7     31.2     71.8    112.6    309.0    253.1    204.3    388.2 
  1991   388.3    105.6    152.3    130.3    192.7     40.4     67.3     94.9    132.1    195.7    372.0    459.0 
  1992   122.6       .0       .0    174.8    122.6       .0     23.4    134.9    129.3    180.7    759.5    407.4 
  1993    84.5     68.9     73.1    120.1     71.4    132.1    107.4     52.4    206.2    369.5    332.7    497.3 
  1994   402.0    264.6     68.4    152.4     80.7     36.6     60.5     75.5    275.2    468.0    381.5    198.0 
  1995   242.0     83.5    130.5    339.5    172.3     68.5     94.1    129.9     68.0    327.4    169.8    220.8 
  1996   270.0    164.1     32.3    391.5    157.0     44.0     30.0    120.5    212.6    208.8    233.4    216.2 
  1997     1.0     59.2     32.5    351.0    344.0    105.2    118.8     36.3    332.0    585.3    472.9    404.2 
  1998   235.4     49.9    125.5     66.0    105.5     31.2    147.0    195.1     18.2    110.9    236.8    413.2 
  1999   286.1    219.3    413.2    214.5      5.4     44.0     62.6    152.2    255.5    334.8    217.4    187.9 
  2000   260.7    333.7    156.3    133.8    136.4    119.0     40.9    247.2    251.0     61.5    525.5    216.5 
  2001   298.0    108.5      6.5    346.5    165.0     49.5    143.0     84.5     79.5    218.0    283.0    231.0 
  2002   163.5     85.0    187.0    431.0     87.0     77.5     25.0     80.5     18.0    447.5    395.0    409.0 
  2003   319.5     98.5    277.0    231.0    164.0    155.0     35.6     93.5    178.0    100.5    494.0     -9.9M
  2004   175.0     56.0    101.0    348.0     50.0     11.0     28.0     46.8    189.8    711.9    262.5    721.4 
  2005   208.7    101.3    213.9    323.0    187.9     69.0     66.4     47.0     71.8    386.9I   451.4    130.5 
  2006   310.0    139.0    255.2    229.2    170.0    165.5     38.0    154.0    165.5    466.0    596.1    552.7 
  2007   392.9     26.5    106.5    401.7     32.0    189.2     96.2    137.6     95.1    307.9    244.3    420.9 
  2008   282.0    180.5    380.4    389.4    153.2     59.0    187.0    303.0    180.6    254.9    246.7    283.1 
  2009    85.1      9.3    129.0    245.0    173.2     57.8     76.7    191.0     59.3    319.6    457.6    535.7 
  2010   118.3     37.0    132.7    401.8    186.7     77.2     79.0     95.2    196.9    185.7    575.7    299.0 
  2011   622.9    520.8    134.9    184.4    185.5     -9.9M    -9.9M    -9.9M    -9.9M    -9.9M    -9.9M    -9.9M
