



                              STATION NAME : MAHA ILLUPPALLAMA       
                              LAT:  8.12N    LON: 80.47E    ELEV:  117.2M
                              ELEMENT : Precip,Total Mly in Millimeters         
                              Missing data values are coded as -9.9M 
 
  YEAR     JAN      FEB      MAR      APR      MAY      JUN      JUL      AUG      SEP      OCT      NOV      DEC
 
  1952    -9.9M    -9.9M    -9.9M    -9.9M    -9.9M    -9.9M    -9.9M    -9.9M    -9.9M    -9.9M    62.4    100.7 
  1953    84.0     16.0     31.6    166.4       .0       .5     80.2     64.4     78.5    399.6    176.5    231.9 
  1954    87.7      5.2    204.7    241.7     43.7       .9     56.1     42.5       .0    233.9    272.3    403.7 
  1955   200.8     33.4     59.6    179.2    122.8       .9       .2     70.5    319.8    195.2    173.8     47.4 
  1956    51.8      9.2    122.5     42.7      3.0    101.9      5.0      6.5      9.0    131.2    182.1    128.4 
  1957    66.3     84.2     10.6    233.8    168.1     29.3      2.5      3.0     38.3    321.1    460.9   1075.2 
  1958   193.0     16.1    141.7    268.0    136.7I     8.5I     4.6I    65.4       .0    186.9    188.4     86.2 
  1959    70.1     43.0     38.0    172.2    194.7     36.3      9.2       .0     86.8    144.5    398.8    164.4 
  1960   131.8    194.0     21.3    404.8     88.1      8.6    216.8      1.5     68.8    175.0    408.6    152.9 
  1961   213.0    118.2     45.5    211.1     66.8     72.1     29.8      6.4     21.7    307.0    260.3    263.9 
  1962   128.6     17.7     33.5    156.1    147.5      4.7      9.8      5.4     76.2    521.2    106.2    239.8 
  1963   236.5     77.6    125.5    280.3     47.2     16.3     11.9      3.3     60.6    325.7    508.6    466.6 
  1964    63.5     42.6     98.5    111.1     64.1      4.8     73.6     11.8    128.1    182.8    188.6    109.0 
  1965    52.5     70.0    121.0    161.4    174.1      4.9      2.2    185.9       .0    417.1    358.8    397.0 
  1966    57.4     17.8    207.9    237.7      1.2      4.3     24.3     38.1    159.2    301.1    404.9    229.1 
  1967    17.4    128.5    132.1     67.6     84.6     21.6      6.5      3.4     31.6    307.9    221.4    333.1 
  1968    44.3       .2     99.4    109.2     10.3     46.6      8.8       .0     48.7    242.8    305.8I    -9.9M
  1969    58.9     40.1    119.9    223.2     14.2      2.0      2.5    129.8     18.4    323.6    112.7    349.0 
  1970    82.7    143.2     72.4    135.3    114.4       .9     17.3       .4     80.9    164.9    342.9    147.6 
  1971   200.3     84.0     22.8    293.9     97.3     38.9      1.7    118.6     74.3    189.8    123.6    383.2 
  1972    24.6       .0     17.6    168.1    162.2      1.0     20.5       .0     80.7    318.6    192.0    167.0 
  1973     4.5     12.8      8.8I    95.3     36.1     13.2     53.7     30.7    118.5    231.6     73.8    381.9 
  1974      .5     97.6     37.7    264.2     97.1I      .7      8.7      6.7    203.7     28.7     98.8    173.7 
  1975    60.0     26.2    117.8    264.0    132.2     15.0     85.6     64.2     49.1    132.3    205.8    141.0 
  1976    15.9       .0     74.2    281.8       .0       .0      3.4      4.6     45.2    282.5    314.2    216.6 
  1977    89.7     38.9     39.0    191.7    117.7      2.4     29.0    108.4     92.0    525.0    273.0    143.2 
  1978    30.4     43.4     43.4     98.2    188.6       .0    110.9       .5     28.1    298.7    554.6    225.9 
  1979     9.1     22.9     14.6    115.8     29.3      3.7     17.4      3.8    137.9    290.7    279.0    129.5 
  1980      .2       .0     49.5    166.6    111.6     40.9       .7     10.5    192.4    179.1    422.2    155.6 
  1981    57.1     10.5     35.6    197.8     81.2      7.3     91.1     46.6    117.0    186.6    196.1    123.2 
  1982      .0       .0     97.4    114.8    162.9     17.3      1.4      4.7     42.0    265.5    243.3    145.9 
  1983     5.7       .0       .0     74.3    219.4     21.0     27.0       .5     27.3    122.8    153.0    495.0 
  1984   186.1    474.3    381.1    153.3     32.2       .0     62.9       .0    278.8    114.9    306.2    156.7 
  1985    78.6     68.0     30.4     12.4     65.4     26.6     87.6      9.9     65.5    178.2    302.4    159.4 
  1986   180.8     38.2    125.5    120.1    154.6       .5     16.0      4.3     76.1    149.3     78.2    121.6 
  1987    44.0       .0     90.7    261.1    177.3      8.3       .0       .7    195.9    380.2    189.3    125.7 
  1988    13.0     16.7     59.8    458.3     17.4     17.1     65.0     96.7     69.5I    -9.9M    -9.9M    -9.9M
  1989    72.6      2.9I   108.5I   106.8I    36.7     22.3I   163.8I      .0I    28.3I   283.0    364.2     27.1 
  1990   174.8     10.4    123.5     21.9    209.4       .1      5.5    117.7     80.6    424.7     98.4    132.7 
  1991   123.2     40.5     36.2    127.2    134.2     59.8      4.7      3.7      7.1    284.0    183.7    218.0 
  1992    17.1       .0       .0    185.1     98.3      3.7     34.3     12.2     50.8    226.3    319.0    115.2 
  1993     2.1     66.8     60.1    162.3     75.5     17.0     27.5     13.7     12.3    421.8    355.0    393.2 
  1994   145.5    372.2     17.0    145.0     18.0       .0      3.7     -9.9M   201.6    416.1    159.4    114.1 
  1995    87.9     35.6    105.5    231.5    164.1      4.1       .4      2.4     -9.9M   138.3    606.3     34.2 
  1996    49.7    148.0     13.6    202.7      1.8     82.8     12.3    155.0    115.2    182.6    228.4     77.1 
  1997     9.0     13.2     29.4    202.8    186.1     12.4     27.2      1.6    141.9    399.8    503.8    370.0 
  1998   141.3       .0     15.2    129.2    142.6      1.2     59.6     74.1     55.8     52.3    161.0    185.7 
  1999   236.5    192.1     18.1    137.4     41.9     23.0      2.0       .1     88.2    337.1    185.2I   197.1 
  2000   160.9    274.1     41.0     79.9     42.3      8.6       .9    123.8     59.2     86.3    323.2    260.8 
  2001   166.3    194.3       .0    341.7      6.6    109.1     40.7       .0     85.1    219.7    169.5    108.5 
  2002    27.3     38.0     32.2    299.1     51.2      5.7       .0      4.2    157.9    605.2    295.1    286.0 
  2003   126.7    135.4     14.3    171.5     68.4     12.9     76.6      2.2    161.5    102.4    239.9     25.4 
  2004   106.7       .0     88.0    103.5    114.3     20.2      5.2      1.6    219.2    323.1    161.5    240.6 
  2005    51.1      2.7     31.5    180.4    107.3      1.6     29.9      9.2      3.2    267.0    368.3     82.2 
  2006   160.4     37.3    177.9    134.1    116.4     35.6      1.1       .6     51.4    244.9    447.3    122.0 
  2007    76.4    116.8     66.4    177.3      2.1     11.6     26.4      9.4    129.1    338.2    283.1    257.4 
  2008    60.0     70.1    375.5    296.3       .0      8.4     14.0     24.2      6.2    207.3    207.5    276.2 
  2009    63.7      2.0     92.1     75.7      8.1      3.3       .3    122.7      1.0    114.4    312.4    215.0 
  2010    68.6     31.9     95.4    236.5     63.2      2.6     55.9     99.1    204.4    187.7    301.1    254.5 
  2011   304.3    272.0     42.1     -9.9M    -9.9M    -9.9M    -9.9M    -9.9M    -9.9M    -9.9M    -9.9M    -9.9M
 
 
 
 
