



                              STATION NAME : MAHA USWEWA TANK        
                              LAT:  7.95N    LON: 80.07E    ELEV: ******M
                              ELEMENT : Precip,Total Mly in Millimeters         
                              Missing data values are coded as -9.9M 
 
  YEAR     JAN      FEB      MAR      APR      MAY      JUN      JUL      AUG      SEP      OCT      NOV      DEC
 
  1892    49.1     71.0       .0    257.2       .0     39.5     -9.9M      .0       .0     45.6     26.8     29.3 
  1893    93.8    218.3    369.5    194.9     28.4     53.3     10.1       .0       .0     76.3    420.5     56.6 
  1894    15.2      8.2    139.6     54.3      6.3    105.8      1.5     25.2      4.4    123.5    366.5    104.3 
  1895    63.8       .0     41.1    450.6      8.8    192.0       .0      6.1      7.1    402.0    153.5     83.9 
  1896    33.8     -9.9M   119.2    149.3    100.5    179.4    117.7     39.5     53.1    612.7    639.1    587.2 
  1897    35.9     45.3     35.3    222.5     86.6    238.8     12.9    167.2     46.2    122.9    114.3    223.8 
  1898    78.7     12.6     73.5     45.0     75.0     30.6      5.0     -9.9M    82.6    587.5    214.9    166.7 
  1899   271.9      5.0     83.9    306.5    132.0     21.3      4.8      1.7      6.5    226.5    101.9     45.0 
  1900    93.7       .0      6.3    182.6     27.8    139.3     10.1     15.2       .0    278.7     81.1    121.8 
  1901    93.9     45.7       .0    395.7     50.7     53.2       .0       .0       .0    149.6    365.1    116.6 
  1902   177.7     -9.9M    63.4    338.5    122.5      2.5     25.3     58.2     41.7    429.4    424.7    266.3 
  1903    55.8     91.3       .0    123.9    253.4    163.3     83.5    117.8    180.0    327.2    190.1    345.0 
  1904   118.9     12.3      7.6     51.8     64.8     89.8     30.1       .0      9.9    365.0     81.2    236.2 
  1905      .0     63.9       .7    203.3    177.9     43.5       .0       .0     64.2    271.8    166.3     60.8 
  1906    70.7     46.4     23.7    315.9     77.8     65.8      4.2     82.6     17.1    333.2    346.3    189.3 
  1907    33.6     89.1     94.1    271.3     30.0    143.1     42.7      2.0    119.0    238.2    234.9    200.4 
  1908    55.0     46.2    146.6    110.8     94.2     17.7       .0       .0    111.4    157.0     60.7    142.3 
  1909    16.4     54.6    140.8     68.5    131.4     59.9     25.2    117.9       .7    186.0    241.0     70.1 
  1910    13.5     15.8     24.0    167.2      7.1     53.2    161.0     15.1      3.1    389.5    263.1    179.3 
  1911    60.9      2.5     39.8     29.3     -9.9M   119.7       .0       .0       .0    230.1    173.0    243.3 
  1912      .0      1.9     19.7    369.1    149.9    209.2      3.7      4.5     18.4    188.7    207.4    113.7 
  1913   228.8     63.9     75.5     87.0      1.7     64.4     70.0       .0      6.8    321.8    192.8    142.0 
  1914     6.5      7.3     71.1     84.4     96.2     99.3       .0      4.0     63.3     -9.9M   172.4    290.0 
  1915    99.3     47.2     29.4    145.8      3.8     69.4     38.1      7.6     27.7     70.6    308.2     53.1 
  1916      .0      8.3    108.8    137.2     44.7    108.1    124.3     40.6     42.3    122.4     -9.9M    94.7 
  1917   107.2    149.6    150.7     54.4    210.9     13.1     59.2     57.0    243.2     96.3    237.9    110.6 
  1918   171.2       .0     42.3     13.6     84.3       .0     92.4       .0      7.9    181.7    361.8    123.3 
  1919     9.5       .0    114.6     81.4    102.9    130.6       .0       .0    255.0    241.6    227.9    314.5 
  1920    20.1     28.6    107.3    336.0     42.9    143.9     57.5       .0      2.2    184.0    452.6     61.2 
  1921   222.7       .0     10.6    162.5     12.8     18.2     28.8     52.4     32.3    228.8    111.6    127.6 
  1922    30.9     41.8      5.0     62.9     32.9     19.6       .0       .0       .0    236.2    451.4    126.5 
  1923   249.8       .0    149.3     92.0     23.0     67.2     94.3     37.7     45.2    375.0     81.7    197.0 
  1924    40.6       .0    109.1     99.2    103.0     68.2     82.7       .0    221.4    330.5    158.1    107.4 
  1925   177.2     35.9    165.0     25.1     11.0     68.8     21.9     32.5    157.3    151.3    192.8    135.0 
  1926   154.9       .0     30.3    123.7    445.1     55.0     32.3       .0    182.3    181.2    213.9     36.6 
  1927   191.7    128.6    118.9    140.7    106.4     25.0      2.5      6.3     75.4    154.7    171.9     69.3 
  1928   138.5     88.3     73.8    240.1       .0      8.3    219.8      3.8      3.0    137.6    347.3    108.5 
  1929     6.3      5.0    169.5    364.5     38.0     60.2      3.5       .0    103.8    127.2    303.6     36.7 
  1930   113.8    124.3    175.6    115.5    225.8     19.4       .0     63.7    107.0    428.9    168.7     59.1 
  1931   179.7      6.6     50.6    157.3     80.2     39.8     26.9     19.8      3.2    198.9    243.4    323.4 
  1932     3.2    164.8     41.1    213.2    221.9       .7       .7    199.0     17.7    391.4    382.4     82.3 
  1933   264.6     87.1     14.1    187.3    307.1     78.0     20.2    171.8    166.9    185.8    317.8     18.2 
  1934   191.2     26.3    111.0     55.8       .0      3.0       .0       .0       .0    345.0     73.0     78.3 
  1935    52.5     16.7     89.2    303.8     16.0     23.4      1.5     63.2      4.5    344.8    329.9    126.1 
  1936    42.7     13.3    249.9      2.4    118.4     45.5       .7       .0    179.5    176.6    192.6    226.7 
  1937   217.9     13.9    120.9    174.6     34.0      1.9     10.1    102.1    143.9    223.0    248.2     98.8 
  1938   151.6    179.2    172.6    121.7     33.1       .0     57.5     45.6      7.1    103.4    116.2     68.3 
  1939    59.8      3.4     60.3    272.2    128.3     51.8     27.5    115.4      8.0    107.1    311.6    160.5 
  1940      .7     14.5    108.6    361.0    263.1     57.7       .0     51.2     93.0    236.5    397.1     99.0 
  1941    76.2     27.1     74.5     72.2    192.0    116.7     11.2     17.4    100.5    268.3    624.1    101.9 
  1942    22.8     25.5     52.0    174.4     70.0     24.7     33.3     31.1       .5     80.2    105.0    332.8 
  1943    68.1     25.8    112.6    104.3    219.9     33.2      4.0      6.5      6.6    375.7    284.3    148.2 
  1944   127.7    152.0    100.8    223.1    138.5     18.9       .0       .0    117.1    460.4    230.7    181.8 
  1945      .0       .0     87.4    134.7      7.8     13.9     72.4     10.6       .0    458.7    220.5     41.4 
  1946    24.9     30.8    152.1    121.6     63.8     13.0     26.1     22.9      1.2    226.2    441.7    277.8 
  1947   239.7     79.5    163.8     61.5      5.3    130.6      7.4     87.1      8.1    180.7    110.1     53.8 
  1948    25.9       .0     30.4     78.9     43.9     42.8       .0    204.8       .0    184.8    137.9    382.2 
  1949   122.9       .0     66.4     93.8    246.4     31.1    102.2     43.0       .0    286.0    148.5     65.2 
  1950    17.1      2.0    117.5     44.3     97.6     98.4       .7       .0       .0     98.1    185.9     58.0 
  1951   159.7     65.1     52.0    256.5     67.2       .0       .0       .0    308.4    129.1    280.5     31.1 
  1952    -9.9M    53.1      8.7    148.1     49.4     41.4     11.9       .0      7.2    133.1    134.1     60.9 
  1953    34.8    139.6    107.6    232.3       .0      4.5    146.5      2.5    114.2    447.9    175.5    147.4 
  1954    49.2      6.4    256.8    197.2     81.7      5.9     69.2      3.6       .5    454.6    259.0    290.9 
  1955    56.0     16.4    239.3    285.2    142.1     11.6       .0     36.7    168.3    223.6    297.2     50.3 
  1956    18.2     17.7    248.2    108.9     14.6     79.5       .0       .0      4.2    144.4    397.7    137.2 
  1957    39.8     63.7     10.6    116.8    147.4     96.5       .0       .0       .0    258.1    388.0    607.3 
  1958    44.2     13.8    334.4    410.2     -9.9M    -9.9M    12.7    138.2       .0    162.7    177.4     75.1 
  1959   105.7      4.0      1.2    286.8    262.2     55.8     44.7     20.3     90.7    234.6    258.8     86.2 
  1960    74.2     97.0     22.0    280.3    122.5      8.8    143.0       .0       .0    191.7    417.6     39.6 
  1961   189.6     39.1     61.7    153.9     74.1    122.5     85.0     24.9     90.4    242.0    137.8    130.1 
  1962   107.1     96.0     50.7    108.6    248.4     64.7     39.0     51.0     50.0    636.1    229.7    148.4 
  1963   206.9     87.7     86.2    156.8    161.1     53.7     36.8      4.0     84.0    208.1    473.1    218.3 
  1964    28.6     28.6     28.6    127.1     57.0      7.7    107.1     35.3    178.3    163.1    261.0    145.7 
  1965    14.9     -9.9M    11.6    274.6    138.1      6.2       .0    144.0     12.6    149.1    166.9    233.7 
  1966    31.3     15.2     39.2     -9.9M    -9.9M      .0      5.0     10.1     71.1    287.0    374.0    150.7 
  1967    55.6     21.5    160.4    165.9     62.2     63.9     38.0       .0     28.4    288.1    221.3    212.1 
  1968    31.4     21.5    128.7    168.2      4.5     30.3     41.1       .0     55.8    275.1    109.6    209.7 
  1969    -9.9M    34.4     -9.9M    -9.9M    50.9     10.6       .0     89.9       .0    489.9    143.1    220.5 
  1970    65.9     80.2    112.0    412.5    202.1       .0     30.2       .0     76.3    219.4    210.1     -9.9M
  1971    71.3     78.0     77.0    272.7     86.9     82.2      8.0     -9.9M    -9.9M    -9.9M    -9.9M    -9.9M
  1972      .0       .0     68.6    183.2    335.9       .0      7.3       .0    138.6    368.6    322.6    130.5 
  1973      .0      8.0    127.3    188.7     25.7     74.1     27.8     12.3     69.4    263.0    183.1    315.4 
  1974      .0     58.7    104.7    297.5     36.2      8.3     25.5     36.5     25.3      8.0     68.3     83.9 
  1975     2.0     80.2     40.3    139.1    109.0     12.3    122.4     15.2     74.3     91.6    232.8    107.1 
  1976    28.4       .0     76.5    141.8       .0       .0     11.4       .0      1.5    315.4    420.5     73.8 
  1977    46.0     18.3    171.4    182.3    246.6     18.1     24.8     15.5       .0    647.4    334.5     60.9 
  1978     7.1     14.0    137.9     42.3    217.5      8.1     30.4      7.4     11.2    247.3    407.7    158.3 
  1979    11.5     87.2     40.6    121.4       .0      5.1     12.8      8.1    153.1    174.4    221.0    121.3 
  1980      .0       .0     56.7      5.4     44.2     94.6     25.2     11.7    204.5    202.0    221.0     58.8 
  1981    29.5      2.5    134.4     42.5    185.9     51.5     61.8     11.2    148.9    244.1    134.9     79.4 
  1982      .0       .0     27.5     -9.9M    -9.9M    51.6       .0      8.1     -9.9M   269.6     -9.9M    -9.9M
  1984   235.5    157.3    320.9    276.7     31.3      9.1     73.4       .0     45.4    139.6    336.2    107.5 
  1985    46.0     82.9     -9.9M   192.0    122.4     37.7      8.1      7.9     82.6    235.4    383.3    121.1 
  1986    77.4     48.0     48.5    201.6     81.0       .0       .0     24.4      4.3    135.9    109.6     32.8 
  1987    -9.9M    -9.9M    91.2    156.4     42.0     52.4       .0     24.2    100.4    235.3    156.5     92.5 
  1988     7.1     40.9    168.6    251.1       .0    121.0     24.0    119.1    144.6     19.1    195.4    100.0 
  1989    17.8       .0     26.4     85.4      1.2     29.4     73.2       .0     26.3     87.5    260.1     18.8 
  1990   190.8       .0     -9.9M      .0    235.4       .0       .0       .0     68.0    296.8    106.0    103.8 
  1991    65.0       .0     70.4     44.6       .0     94.0       .0       .0       .0    271.8    126.9     65.0 
  1992      .0       .0       .0    121.0    126.0     12.0     35.0       .0      5.0    164.0    468.0    108.0 
  1993      .0     14.0     40.5    131.0    195.0       .0     28.0       .0     24.0    459.0    296.0    412.2 
  1994    38.6    106.1     36.7      3.0     81.2       .0     17.0       .0     47.0    198.0    199.0     34.3 
  1995    39.0     55.2     52.3    500.4    259.5       .0      8.0      5.3       .0    175.1     -9.9M    12.4 
  1996    23.5     70.9     20.9    234.2     31.6     50.0     13.9     -9.9M    -9.9M    -9.9M    -9.9M    -9.9M
