



                              STATION NAME : NUWARA ELIYA            
                              LAT:  6.97N    LON: 80.77E    ELEV: 1893.6M
                              ELEMENT : Precip,Total Mly in Millimeters         
                              Missing data values are coded as -9.9M 
 
  YEAR     JAN      FEB      MAR      APR      MAY      JUN      JUL      AUG      SEP      OCT      NOV      DEC
 
  1869    -9.9M    26.2     37.7    217.5     79.3    319.6    202.1     -9.9M   233.4     -9.9M    -9.9M    -9.9M
  1870   373.3     26.7     78.5    124.7     68.9    249.0    129.7    147.0    236.7    230.9    123.5    111.3 
  1871   447.6     47.6     86.0    210.3    165.0    316.7    429.6    147.0    182.7    143.8    267.7    109.9 
  1872    29.5     21.5     34.6    246.2     79.7    438.4    186.2    216.0    892.8    185.7    261.3    108.3 
  1873    53.2    196.3    102.1    203.4    252.3    688.9     -9.9M   185.9     69.7    214.7    151.9     85.9 
  1874    81.0     -9.9M    -9.9M    -9.9M   242.3    474.0    329.2    150.4    265.0    403.4    180.4     72.1 
  1875    64.8     29.6    164.3    202.4     48.5     -9.9M   239.4    161.3    139.7    171.6    317.0    253.5 
  1876    92.0      3.0     17.3    188.3    291.5    320.7    495.3    132.9     99.2    148.5    305.8    173.0 
  1877    19.7     76.4     67.5     60.4    544.1    474.4     67.4    218.3    303.1    504.9    427.4    501.7 
  1880   156.5     84.2    157.0     -9.9M    -9.9M    94.3    505.8    180.9    100.0    348.8    198.4     -9.9M
  1881   172.7       .0     56.9     71.7     59.3    448.1    126.6    446.2    278.1    243.0    311.5     -9.9M
  1882   174.0     96.2     71.2     54.6    167.7    435.9    933.1    453.9    127.0    343.3    267.7    208.0 
  1883    69.7    153.3     86.5    271.5    333.5    185.8    535.8    335.8    103.6    214.1    208.2    120.3 
  1884    37.4      5.9     80.7     80.0    131.4    133.7    144.7    266.6    159.8    359.9    199.1    311.6 
  1885    78.2     71.8     23.3     79.2    130.3     -9.9M   282.7     97.0    115.0    229.7    173.3    213.7 
  1886   169.4     35.0     71.2    112.3    287.6    257.0    306.7    345.2    285.4    288.3    144.7    149.8 
  1887    42.4     68.5     17.0    203.9    121.7    225.6    207.9    104.0    193.9    418.9    239.4    514.9 
  1888     1.9       .5     81.5    132.8    314.6    590.1     82.5    127.2    195.4    234.7    239.2     -9.9M
  1889    84.7      7.5    152.9    208.5    261.5    335.9    238.6    212.4    243.0    129.5    152.4     87.9 
  1890    77.0     68.5     24.4     -9.9M    86.0    180.4    140.8     93.0    244.1    160.1    161.6    127.1 
  1891   103.6     71.1    134.0     62.6    545.0    263.2    185.5    151.6    114.7    488.1    176.2    350.3 
  1892   448.0     78.3     19.6    111.8    110.8     78.1    623.2    304.8    148.1    291.3    211.6     96.0 
  1893    -9.9M    18.2    221.4     12.4    120.4    343.6    217.5     89.7     33.5    110.0    311.0    139.4 
  1894   112.0     13.1    119.0    148.9     51.5    171.5    114.7    255.2    131.0     -9.9M   190.9    115.5 
  1895    97.5     26.1     51.2    113.3     81.7    275.1    253.3    194.8     -9.9M   435.1    109.9    446.6 
  1896    97.6       .0    109.9    147.7    181.2    429.1    204.8    165.0    211.6    218.5    287.9    480.3 
  1897    22.4     48.8     95.7    197.0    102.8    409.1    132.1    415.2    235.5    164.4    186.3    343.6 
  1898   144.5      4.7     66.8    155.9     87.9    206.6    250.2     44.3    245.0    323.0    165.4    160.4 
  1899   320.0      2.7     95.0    279.0    358.3    347.0    213.4    131.9    202.7    364.6    150.6    127.5 
  1900   101.4     -9.9M     6.4    181.1    155.4    357.6    385.6    320.4    287.8    163.3     -9.9M   152.7 
  1901    92.1     57.7     67.4    228.0     78.8    549.3    166.5    121.5    152.3    205.4    340.4     89.7 
  1902   150.0     52.0     49.5    147.1     91.2    112.0    441.9    149.4     -9.9M   361.1    337.8    157.4 
  1903   146.0     66.4       .0    150.8    187.4    170.9     -9.9M   140.1    230.4    261.3     69.0     96.6 
  1904   363.3     35.9     31.5    105.2    290.8    581.7    312.5    200.7    281.7    216.0    160.8    264.9 
  1905    52.1    101.5     85.1    197.6    187.8     -9.9M   137.1    108.9    192.9    253.8    238.6    112.3 
  1906    46.6     29.3     56.5     87.6    144.2    127.8    361.7    211.9     76.9    722.4    275.8    133.5 
  1907    33.0     76.7    246.8    263.8     55.3    289.3    436.7    223.8     82.2    455.5    276.6     48.5 
  1908   145.8     81.4     87.6     87.6    140.7    256.0    272.2     82.5    317.0    219.1     56.9    428.1 
  1909   152.8     51.6    175.8     78.8    101.9    344.2    324.5    216.4    166.4    228.8     99.3    113.1 
  1910   126.9    103.1     36.4     82.1     18.7    298.6    279.1    218.1    219.0    277.7    372.1    371.4 
  1911    -9.9M    -9.9M    62.2     27.1     25.6    281.8    287.2    149.2     -9.9M   341.9    306.1    474.1 
  1912    52.8      4.1     42.5     68.8    131.2    262.3    201.1    193.8    121.2    214.6    282.6    301.6 
  1913   627.3     62.0     80.8    139.0    148.6    174.4    244.0    208.2     81.5    492.7    209.8    586.2 
  1914    38.9     12.4     51.4     58.6     77.7    272.9    298.2    177.2    245.8    347.4    214.0    266.3 
  1915   204.5     53.2    103.4    106.6     88.9    321.4    527.3    178.1    297.4     85.1    239.3     94.2 
  1916    76.5      4.0     93.9     97.6    228.2    248.4     -9.9M   195.2     -9.9M   176.7    189.0     -9.9M
  1917   268.1    153.2    191.8     26.1     39.0    294.0    209.2    230.2    320.1    161.1    264.0     92.9 
  1918   161.3       .7    169.8    155.1    283.6    157.4    107.4    185.4     53.7    271.6    269.8    235.0 
  1919    52.0      2.4    119.6     -9.9M   289.0    236.2    467.1    132.0    293.7    309.6    202.0    202.6 
  1920    96.6     22.5    124.7    209.4    118.7    408.7    389.9    100.0    178.8    177.6    342.5     79.5 
  1921   177.7       .0     60.5    170.2     75.8    155.7    294.7    214.9     62.3    295.3    130.9    152.4 
  1922    79.0     64.3     45.2    199.9    115.1    270.1    337.1    169.4    242.5    428.8    203.7    109.2 
  1923   281.0      1.0    111.4     73.1     -9.9M    -9.9M    -9.9M    -9.9M    -9.9M    -9.9M    -9.9M    -9.9M
  1924    -9.9M    -9.9M    -9.9M    -9.9M    -9.9M    -9.9M    -9.9M    -9.9M    -9.9M    -9.9M    -9.9M   116.1 
  1925    -9.9M    -9.9M    -9.9M    -9.9M    -9.9M    -9.9M    -9.9M    -9.9M    -9.9M    -9.9M    -9.9M   116.0 
  1926    83.7       .7     24.5     34.3    112.5     35.4    105.7     59.1    105.8     49.6    232.3    157.4 
  1927   327.7     69.4    157.1    146.4    297.5    329.2    346.6     -9.9M   344.0    105.9    224.4    116.0 
  1928   116.2    113.0    125.9    195.4     42.2    221.0    337.8    212.9     76.9    299.5    244.3    105.2 
  1929     5.5     63.7    152.2    264.9    170.0    249.2    242.3     77.5    285.1     64.1    236.0    263.3 
  1930   175.6     34.8     59.0     88.8    350.5    274.9    195.4    138.7    227.2    467.7    157.3     46.3 
  1931   242.5     36.3     78.6    286.9    104.9    411.9     60.0    503.5    228.3    194.4    385.9    422.2 
  1932    27.2     85.4     46.4     68.7    350.7    167.7    225.9    163.9    129.8    322.6    204.8     82.9 
  1933   643.5     43.0    130.7    140.0    882.5    209.8    339.1    294.5    228.8    269.9    192.8     60.0 
  1934   278.6     95.6    102.6    100.9    102.8    320.1    144.0     40.7     28.8    271.5     90.6     53.1 
  1935   107.2     33.9    116.5     66.6     38.4    163.7    237.6    172.0    113.0    256.5    256.4    340.3 
  1936   105.4     48.6     95.2     10.4    572.9    148.3    284.4     80.9    316.2    154.7     88.9    393.4 
  1937   263.0     64.3     94.9    110.7    110.9    114.7    323.1    159.9    156.3     -9.9M   199.4     53.6 
  1938   101.9    169.3    173.5    198.2     48.3    390.7    403.5    123.5    285.4    256.5    256.4    342.8 
  1939   105.4     48.6     95.2     10.4    572.9    148.3    284.4     80.9    316.2    154.7     86.3    393.4 
  1940   263.0     -9.9M    94.9    110.7    110.9    114.7    115.8    107.1     51.2    212.5    276.1    131.9 
  1941    66.0     44.6    120.7    144.2    508.2    239.2     96.7    186.5    125.0    234.7    298.3     79.7 
  1942    80.1     68.7     78.3    183.3     87.6    279.0    387.1    189.4    128.3    146.0     95.4    291.5 
  1943    40.5     50.8    103.3     71.2    579.6    303.9    382.0    159.4    207.1    211.5    197.9    230.2 
  1944    95.5    214.3    170.3     93.9    235.6     99.8    112.9     66.2     99.1    287.2    288.6    159.8 
  1945     3.7     13.3    108.2    215.4     92.7    226.1     87.5    126.4     61.1    334.9    260.5    120.0 
  1946    88.0     60.8    241.0    128.5     27.6    175.1    154.8    244.6    190.4    207.8    200.3    303.9 
  1947   178.0     12.3    128.8     64.6    127.7    116.5    101.3    676.7    125.0    256.9     28.7    120.2 
  1948   121.3      6.0    102.2    288.0     88.4    358.9    264.7     73.2     59.6    208.8    175.2    235.6 
  1949   162.7     14.7     64.6    159.2    126.7    202.5    210.9    197.1    178.4    161.3    169.1    236.5 
  1950    80.7    141.6     98.8     95.9    277.0    160.9    275.8    108.3    274.8    161.4    130.0     73.6 
  1951   315.5    107.9     69.3    181.5    152.0    728.7    235.7     66.5    247.8    198.4    269.6    163.3 
  1952   239.0    117.0    105.9    203.4    692.9    243.1    205.2    129.9    173.2    333.0    124.7     94.7 
  1953   127.8     74.5     64.6    200.7       .2    158.9    371.0     74.6    165.1    180.9    155.8    163.0 
  1954   140.9     68.9    125.2    140.8    119.0     94.7    159.2    353.8     68.9    355.6    111.3    350.2 
  1955   265.8    172.3    100.8    221.7    264.6    474.2    119.4     93.3    270.0    158.9    155.6     36.5 
  1956    41.1     11.7     63.5    111.3     90.9    622.1    141.8    154.1     98.4    189.9    315.6    125.2 
  1957    91.4     85.4     43.3     77.6    234.5    243.0    253.4    130.2     54.5    225.3    409.6    800.5 
  1958   118.0     39.0    147.4    177.3    102.0    285.1     97.5    235.0     67.5    316.3    207.8    104.6 
  1959    68.4     95.6     12.1    202.4    144.1    464.0    287.2    108.9    163.3    193.6    200.4     83.5 
  1960   147.4    224.7     16.7    179.9    175.0    129.0    322.2    160.2    412.7    260.8    297.5     38.8 
  1961   131.0    116.7     87.3    268.7    294.8    123.0    153.0    212.9    121.0    162.0    256.5    181.9 
  1962   168.5     50.1     79.0    146.1    297.5     76.4    227.2    140.9    180.1    235.8     81.9    158.0 
  1963   152.0    134.9     86.6    188.3    126.6    184.5    119.8    113.1    131.2    259.4    266.3     -9.9M
  1964   161.5    198.0    108.6    129.6     -9.9M    99.5    210.0    148.0    214.3     73.7    170.6    154.6 
  1965    62.4    119.8     54.6    325.8    369.6    110.0     33.9    168.9    102.5    237.2    173.1    231.0 
  1966   127.7     20.4    137.3    151.1     32.8    100.3     51.2     88.6    381.0    190.5    169.4    171.5 
  1967    82.8    192.7     98.6    107.1     84.3    186.0     94.4     83.4     81.1    422.0    429.6    219.6 
  1968    79.5      3.4    108.7     90.6    130.2    260.1    254.7    170.7    215.4    273.4     -9.9M    -9.9M
  1969   116.9     45.1     38.4    218.3    208.6    162.8     97.9    118.6    176.6    299.4    141.5    363.4 
  1970   135.2    239.2     86.4    199.1     97.0     92.7    130.5    184.7     94.3    188.0    256.6    326.6 
  1971   164.8     88.1     18.6    292.8    113.4    187.6    142.6    240.4    426.1    123.1     75.8    283.8 
  1972    94.0      1.5     20.1    173.3    327.1     81.6    262.2    100.1    186.9    388.8    228.2    261.2 
  1973     3.5     25.4     32.2     79.0    136.2     99.4    119.3    178.8     35.7    186.3    179.4    236.8 
  1974      .0    134.8     30.6     99.2    203.9    138.9    353.1    292.3    258.8    118.1    151.4    376.9 
  1975   103.2     48.8    119.0    149.6    167.5    403.0     78.4    216.0    216.4    173.2    215.9    172.2 
  1976   125.4      2.5     52.8    155.8     22.3     41.2    161.5    142.6     37.7    211.7    210.6    124.4 
  1977     6.0     42.4     71.7    184.0    170.3    166.4    246.4    165.3     82.9    453.1    184.8    141.5 
  1978    76.5     63.6     29.9     82.0    423.3    154.6    223.6    319.1    147.1    259.4    558.3    267.2 
  1979    66.0     84.3     16.9    135.8    177.6    227.0    235.8     65.0    328.9    413.1    280.1    165.3 
  1980    30.1       .0     43.3    172.4    110.7     90.7    133.5    124.6    154.2    247.3    232.9     77.7 
  1981    92.0     69.9     68.0     57.6    147.5    272.8    235.6     96.8    272.2    155.0    201.1     90.0 
  1982     6.2       .0    103.6    109.5    306.2    349.4    140.1    131.9     69.7    161.9    275.4    212.2 
  1983    21.9       .2      6.7     15.9    117.0     62.1    112.2    107.7    109.0    106.0    282.6    283.7 
  1984   143.1    210.9    156.3    212.7     79.5    209.2    261.5    165.5    223.7    174.4    149.6    107.2 
  1985    65.9     64.6     98.6     59.5    239.9    460.9    114.0    131.1    183.3    207.4    239.8    182.1 
  1986   475.8    135.3    121.1    169.9     49.3    185.5    127.1    273.8    176.7    256.2     81.7    100.4 
  1987   106.5      7.7     47.4    168.0    200.8    172.3      4.0    177.3    180.1    358.9    255.1     76.4 
  1988    18.9     74.1     78.9    293.4    114.4    115.3    293.3    150.0    219.2     16.4    238.9    129.6 
  1989   134.9     22.9     58.9     70.3    273.4    201.8    530.6    144.5    217.1    270.2    228.0     95.8 
  1990   262.2     55.3     61.0     37.3    257.6    270.9     76.2    115.7     49.9    221.1    134.2    216.2 
  1991   196.3     15.4     44.3     46.7    129.4    297.3    150.8    103.7    187.8    244.3    185.0    235.6 
  1992    51.8       .0       .0     80.4    106.9    223.8    332.3    159.8    104.2    205.3    437.6    140.3 
  1993    36.6     56.0     35.4     29.5    298.6    332.3    264.8     43.6    108.7    402.0    258.2    232.1 
  1994   190.6    182.5     37.5     94.1    152.2    114.3    269.8    235.0    211.2    397.3    294.3    124.6 
  1995   105.3     48.7     51.6    223.8    308.3    288.4    125.1    221.2     -9.9M   312.4    155.6     92.1 
  1996   157.3     80.1      5.8    260.0    118.0    216.1    376.5    205.9    276.5    210.9    208.0     61.4 
  1997     1.3     18.7     29.0    220.1    163.8    115.3    110.7     71.9    330.4    447.5    289.8    229.5 
  1998    92.0      6.1     33.7     17.3    197.2    253.6    154.4    229.5    249.1    109.1    152.3    290.0 
  1999   231.7    127.6     32.1    107.6    224.9    284.2     96.6     90.8    215.9    259.3    108.5    114.4 
  2000   140.8    188.8     55.6     64.0     49.5    237.4    131.5    251.9    194.9    134.9    237.1    137.9 
  2001   190.6     56.5      3.3    153.2    138.5    109.4    260.0     36.0    257.0    121.3    168.1    187.1 
  2002    48.6     31.9     90.0    200.8    106.0    120.5    109.2    148.9     42.5    252.0    174.3    192.7 
  2003   179.5     62.1    145.1    148.1    127.6     71.1    121.8     84.2     58.6    122.9    233.3     19.5 
  2004    51.3     26.5     54.6    165.8    174.1    178.9     74.6     73.5    135.1    273.1    221.0    312.6 
  2005    54.8     26.7     53.7    104.2    117.6    106.9    160.4     60.4    156.6    140.3    291.2     74.3 
  2006   259.2     75.3    153.9    180.0    248.7    168.1    217.8    101.8    145.6    304.4    458.8    241.7 
  2007   225.7     23.4     55.7    158.0     80.3    226.5     99.4     64.6    216.4    223.9    138.7    162.1 
  2008   153.8    103.3    306.5    183.0     61.5     36.1    134.3     75.0     59.7    187.4    154.7    131.7 
  2009    38.4      4.4    147.9     62.1    258.0     97.8     93.7     85.6    121.0    201.8    243.8    285.4 
  2010    67.7     19.4    134.4    198.5    207.3    283.6    188.0    175.3    161.9    206.2    287.4    252.6 
  2011   326.0    235.2     68.5     -9.9M    -9.9M    -9.9M    -9.9M    -9.9M    -9.9M    -9.9M    -9.9M    -9.9M
 
 
 
 
 
 
 
 
