



                              STATION NAME : RATNAPURA               
                              LAT:  6.68N    LON: 80.40E    ELEV:   34.4M
                              ELEMENT : Precip,Total Mly in Millimeters         
                              Missing data values are coded as -9.9M 
 
  YEAR     JAN      FEB      MAR      APR      MAY      JUN      JUL      AUG      SEP      OCT      NOV      DEC
 
  1869    -9.9M    -9.9M    -9.9M    -9.9M    -9.9M    -9.9M    -9.9M    -9.9M   377.6    480.5    341.3    238.6 
  1870   308.4    202.6    304.7    167.3    422.5    335.6    168.8    517.2    525.6    600.4    329.0    196.3 
  1871   224.8    151.2    155.2    364.3    344.7    548.9    409.9    228.0    507.6    262.9    390.5    146.1 
  1872   133.3    162.1    112.7    448.8    131.6    452.8    212.3    237.9   1082.0    279.9    495.1     94.4 
  1873     7.6     98.7    229.7    141.3    598.5    449.6    274.5     98.1     98.3    514.9    289.1    231.9 
  1874   231.0     90.0     -9.9M    -9.9M   358.6     -9.9M    -9.9M    -9.9M    -9.9M   568.9     -9.9M    -9.9M
  1875    76.9     -9.9M   299.6    307.7    272.3    790.7    178.5     -9.9M    -9.9M   262.8    484.8     -9.9M
  1876    93.4     -9.9M    -9.9M    -9.9M    -9.9M   644.5    349.0    125.5     -9.9M    -9.9M   246.9     -9.9M
  1877    -9.9M    75.3    196.0    323.4     -9.9M   760.0    148.8    510.4    301.6    330.5    668.5    332.3 
  1878   279.1      3.4    267.1    378.9    416.5    754.6    482.9    657.6    455.7    583.6    199.5    169.8 
  1879    30.0    135.6    179.0    178.7    419.4    407.1    590.9    150.5    218.0    351.1    413.0    151.0 
  1880    -9.9M   225.4    303.1    265.1    813.2    118.3    264.7     -9.9M    90.4    720.2    352.8     -9.9M
  1881    66.2    116.4    161.6    511.8    300.2    402.8    115.8     -9.9M   471.3    424.1    502.6    416.5 
  1882   164.7     -9.9M    -9.9M   176.8    499.8    347.0    415.8    564.9    189.5    613.8    364.0    162.6 
  1883   156.5    172.5    247.2    364.5    690.4    418.2    208.1    472.1    382.2    552.9    305.4    228.9 
  1884    21.2     52.2    545.8    249.6    396.4    347.0    191.2    299.1    288.1    659.3    249.7    267.3 
  1885    82.5    173.6    231.1    217.2    231.5    714.9    301.6    180.0    368.9    566.5    598.7    254.4 
  1886   230.8     42.3    118.3    274.6    642.4    413.4    442.0    415.6    475.1    268.2    225.0     53.7 
  1887    52.2     55.6     -9.9M   405.7    584.7    721.6    196.7    380.8     75.9    326.8    436.6    284.9 
  1888    81.6     78.3    280.1    166.0    614.3    686.4    112.6    234.5    313.3    476.2    368.5    213.0 
  1889   125.9     -9.9M   178.2    296.6    604.3    285.1    478.3     -9.9M   475.5    387.6     -9.9M   241.3 
  1890    49.8    193.0    170.3    442.8     -9.9M   296.4    225.8    196.7    311.5    474.5    243.0    254.9 
  1891   190.3    171.6    333.8    234.3    853.0    496.3    294.1    266.0    384.7    627.3    283.8    326.0 
  1892   133.4    156.6    158.4    436.7    522.9    962.5    460.1    525.2    306.1     -9.9M   362.0     -9.9M
  1893   197.3     55.1    243.8    241.3    659.2    802.4    320.0    166.7    113.0    319.2     -9.9M   298.5 
  1894    -9.9M   163.8     -9.9M    -9.9M   121.7    726.0     -9.9M   224.3    344.0    657.8    448.4    172.6 
  1895   143.8     36.1    184.6    449.7    273.9    343.0    155.5    391.8    418.2    551.3    243.2    229.2 
  1896   202.4     79.5    143.9    202.5    327.5    433.5    338.4    246.5    181.2    392.1    489.6    347.4 
  1897    45.3     63.7    233.0    600.0    337.2    326.9    285.9    511.3    836.2    152.4    273.7    176.7 
  1898   100.1    258.3    139.1    347.2    509.9    329.6    387.0    153.0    511.5    637.9    415.4    164.9 
  1899   102.1     34.3    146.7    379.1    573.3    665.3    132.8    201.8    144.9    560.4    360.6    148.0 
  1900   234.7     -9.9M   184.8    495.0    170.3    657.7    560.7     -9.9M    -9.9M   530.6    356.0    394.5 
  1901   261.9    185.3    110.1    405.5    362.6    615.1    362.1    181.0    363.6    260.3    473.7    275.8 
  1902    58.0     57.7    219.8    607.2    374.2    486.7    433.5    346.0    622.3    685.5    327.1    225.7 
  1903   234.3    211.8    127.6    272.0    556.4    552.8    393.1    312.4    642.9    518.7    180.2    201.9 
  1904   203.8    161.5    145.6    272.6    617.8    618.4    513.4     52.9    436.4    490.8    152.3     -9.9M
  1905    98.5    117.0    190.8    420.3    457.6    493.0    164.9    260.2    357.7    473.1    280.5    113.6 
  1906    88.7    103.4    154.3    205.1    273.4    308.0    305.0    225.2     71.5    988.5    417.2    276.3 
  1907   167.4    127.3    224.8    365.1    236.2    411.9    283.0    412.6    237.3    480.8    282.8    184.2 
  1908    98.7    113.2    248.9    294.4    347.7    322.8    192.2    167.3    529.1    199.6    267.4    205.5 
  1909   102.1    220.0    342.1    397.1    374.3    567.6    459.1    564.6    132.8    555.7    196.6    280.3 
  1910   112.2     18.4    149.0    239.1    144.7    441.8    356.3    249.6    381.0    531.0    399.2    134.3 
  1911    -9.9M    50.3    141.3     66.0    370.8    635.4    247.9    101.3    693.7    508.4    306.4    318.9 
  1912    63.8     86.2    163.1    325.5    534.4    578.0    401.9    169.3    264.1    680.1    213.4    275.5 
  1913   396.0     42.3    170.4    386.2    515.5    174.4    178.3     -9.9M   270.1    601.9    339.3    459.7 
  1914   102.5     -9.9M    -9.9M   291.2    425.7    442.9    239.4    184.5    335.8    368.4    329.4    209.4 
  1915   110.6    155.5    238.9    166.7    653.8    535.3    933.8    124.1    342.0    304.1    794.9    276.5 
  1916    13.1     41.3    442.7    371.9    698.0    450.3    783.7    260.6    435.1    363.6    261.2     71.7 
  1917    90.3    186.8    297.8    205.9    249.4    403.4    244.3    330.2    478.3    344.4    448.1    174.9 
  1918   117.8    108.0    287.7    268.2    479.7    426.5    224.7    316.9    160.2    491.6    268.5    294.9 
  1919   218.3     78.0    323.6    213.0    669.4    260.3    475.3    251.1    966.9    334.2    498.7     -9.9M
  1920   110.4     40.2    295.1    488.6    246.1    699.1    293.2    130.1    304.3    359.9    399.4    206.4 
  1921   331.0     11.5    171.7    543.6    327.1    330.4    258.0    462.2    180.4    473.8    266.0    105.5 
  1922   147.0    170.5    232.0    207.6    315.1    622.9    214.6    167.8    290.6    326.3    394.7    132.5 
  1923   171.3     22.8    273.3    149.1    188.2    647.6    463.5    628.3    690.7    485.0    442.5    209.7 
  1924   127.6    190.2    527.8    276.0    624.9    327.6    415.9    607.6    658.4    204.6    369.0    426.8 
  1925    -9.9M    13.5    117.5    173.3    477.9    461.7    145.1    271.4    365.9    516.6    714.3    360.1 
  1926    69.5     77.8    275.0    226.3    864.3    629.8    401.5    296.3    459.0    526.6    188.0    277.4 
  1927   266.9    191.8    397.0    265.3   1007.1    494.4    200.3    106.1    413.0    235.5    219.2    142.6 
  1928   249.7     98.5    101.7    401.8    212.4    460.9    321.4    426.0    205.9    697.2    510.5    183.3 
  1929   216.4    259.2    124.5    365.8    353.7    513.1    220.0     41.7    451.7    276.9    255.6    181.1 
  1930   236.5    148.6    258.9    308.0    796.0    452.2     71.8    248.0    332.5    712.8    277.2    118.7 
  1931   231.0     91.2    151.1    379.9    469.0    649.7    511.3    651.8    334.2    189.5    440.7    362.9 
  1932     6.4    213.6    269.7    315.8    628.1    233.4    238.1    427.6    223.0    416.5    332.2    234.0 
  1933   240.2    212.6    248.4    423.7    862.3    504.0    339.5    489.0    248.5    732.0    378.4    159.3 
  1934   321.3    266.9    199.1    284.3    171.1    747.3    152.0    143.7    104.5    501.5    259.4    291.7 
  1935   121.5     51.4    190.0    387.5    446.4    465.8    120.7    378.8    150.9    473.0    480.1    231.9 
  1936    81.5    268.0    169.0     30.7    683.2    195.1    301.5    121.1    445.4    526.2    461.4    267.2 
  1937   210.5    293.4    376.2    322.1    809.9    183.5    469.8    377.4    318.0    412.0    363.6    139.1 
  1938   130.6    283.1    399.1    300.1    233.6    213.1    258.9    235.5    322.4    136.9    179.5    143.7 
  1939   122.5     18.1    205.6    382.9    604.5    490.6    384.5    251.8    336.7    599.6    376.3    256.8 
  1940    20.4     82.8    138.4    278.8     -9.9M   777.9    177.3    223.6    313.5    673.1    379.1    190.6 
  1941   130.0    117.7    197.0    264.0    770.9    420.4    231.1    568.0    549.8    675.0    442.1    127.4 
  1942   139.4    102.7    319.3    698.4    560.2    830.4    725.3    328.6    366.6    598.3    286.9     -9.9M
  1943    99.1     69.0    182.9    354.1    739.9    492.4    271.4    352.8    262.8    466.4    539.6    315.3 
  1944   143.1    301.9    376.5    498.7    958.9    367.9    147.9    257.8    517.6    599.7    545.5    184.0 
  1945   131.6    124.4    223.2    297.0    234.1    467.5    180.8    259.1    192.8    655.9    339.9     61.7 
  1946    54.4    148.4    209.0    233.4    170.0    259.1    298.0    523.7    263.4    413.2    417.6    584.4 
  1947   279.4     33.7    438.2    208.2    254.2    518.2    318.7    781.4    380.2    626.1    298.4    145.2 
  1948   241.4    299.8    257.0    282.3    258.7    507.9    266.3    255.2    222.0    259.0    217.5    231.7 
  1949   117.1     35.2    134.8    250.9    571.2    449.1    462.1    743.0    301.2    641.7    201.4    183.7 
  1950    76.3    188.8    285.9    193.5    231.5    221.8    224.9    254.9    366.4    593.1    238.4     73.2 
  1951   201.6    127.4    249.8    407.0    631.7    689.5    387.7     29.5    444.4    580.5    424.0     66.0 
  1952   257.2    157.1    148.9    495.7    625.5    372.2     99.3    177.5    158.6    496.1    312.0    161.6 
  1953   112.6    128.6    236.0    332.6     34.5    208.6    627.5    147.6    292.0    705.9    260.2    193.0 
  1954   117.9    358.8    412.7    455.4    460.0    232.5    147.1    380.3    172.6    541.2    191.1    324.4 
  1955   252.6    286.7    212.4    320.4    844.2    497.0    354.8     79.1    546.2    474.5    358.9    121.2 
  1956   132.0     90.8    322.3    288.9    229.9    634.0     56.1    348.8    446.8    430.4    416.3    144.4 
  1957    85.3    281.4    167.0    479.1    361.9    550.7    350.3    183.7     68.3    272.4    570.5    480.7 
  1958   164.8    221.4    203.3    230.0    376.9    565.8    177.7    300.7    202.9    588.0    366.3    139.8 
  1959   113.3    235.4    208.2    458.9    403.3    668.3    467.0    329.8    445.6    343.3    266.4    235.4 
  1960   158.4    321.5    123.4    332.5    325.0    411.4    400.0    146.6    425.9    300.4    191.5     72.9 
  1961   104.2     74.8    170.2    334.2    474.0    257.9    391.1    515.5    470.5    405.3    379.9    160.8 
  1962   138.5     79.6    197.1     -9.9M   742.5    339.6    166.1    263.7    401.3    425.9    397.6    177.6 
  1963   208.4    147.2    272.3    451.7    394.8    428.5    420.5    423.0    602.2    521.8    410.1    181.6 
  1964    84.9    178.9    286.2    444.5    690.3    276.8    641.2    229.5    443.2    432.9    282.5    155.9 
  1965    72.4     93.0    183.4    386.2    662.6    243.0    101.9    548.3    413.8    434.2    321.1    340.2 
  1966    80.4     70.9    221.9    273.6    159.8    230.6    151.9    302.5    759.3    469.4    296.1    153.1 
  1967   104.5     56.0    247.6    254.9    296.9    458.0    399.3    261.6    280.0    656.7    553.7    355.5 
  1968   190.8    164.3    187.0    157.4    424.1    843.0    419.1    168.9    425.6    374.0     -9.9M    -9.9M
  1969    58.0    168.2    126.5    269.3    984.1    360.9     91.9    298.3    286.0    458.6    192.1    236.8 
  1970   101.2    147.7    284.9    344.3    263.2    373.0    369.0    416.2    253.2    488.6    379.2     98.7 
  1971   192.7     98.5    189.2     -9.9M   398.1    376.3    341.0    466.8    634.4    353.5    442.6    227.4 
  1972   124.5     60.9    172.7    325.0    641.9    325.9    247.2    234.7    596.6    550.5    332.9    153.4 
  1973    56.9     61.9    310.7    342.8    279.7    527.3    220.2    240.5    152.9    322.1    229.5    254.1 
  1974     1.2    107.2    120.1    569.6    464.9    481.6    617.0    243.7    726.9     -9.9M    65.5    283.1 
  1975    76.6    271.2    224.9    460.0    653.2    535.5    183.2    366.8    324.5    684.1    668.5    217.3 
  1976    54.3    159.5    221.1    429.5    384.3    163.6    302.2    245.3    155.1    361.0    523.8    366.8 
  1977    19.1    128.3    229.3    404.8     -9.9M   473.5    110.9     -9.9M   200.0    530.7    338.8    360.9 
  1978   164.7     90.2    127.9    264.3    845.2    296.7    257.2    194.4    389.5    427.5    429.4    255.5 
  1979   103.9    166.0    163.7    333.5    285.6    434.8    294.4    106.5    662.5    493.3    279.1    167.1 
  1980    42.7     27.9    214.9    379.2    400.5    333.9    327.3    273.2    220.5    293.6    507.6    249.5 
  1981    99.4    145.9    174.1    280.1    292.5    347.8    325.8    141.1    424.4    299.6    379.8    187.5 
  1982    55.5     24.4    318.1    455.4    545.3    892.5    307.2    267.2    237.5    628.2    638.8    129.4 
  1983    93.1     78.8    150.1    128.0    495.1    367.6    276.1    284.4    456.5    146.0    344.6    534.8 
  1984   274.7    407.1    356.7    529.2    564.0    329.0    515.9     48.2    312.1    255.4    343.7    264.5 
  1985   214.2    174.1    273.7    133.2    504.2    746.2    249.8    183.4    252.9    646.1    251.7    346.4 
  1986   159.6    319.0    131.3    358.7    287.5    201.8    121.3    270.3    700.2    435.0    277.8    284.5 
  1987   138.7     11.2    157.9    239.2    302.7    233.1     18.8    660.4    322.0    475.3    381.4     72.6 
  1988    94.7    324.4    228.2    262.2    412.7    662.4    331.7    557.6    694.3    224.5    378.8    139.3 
  1989    47.5      7.8    123.3    257.1    405.9    632.2    610.9    282.7    448.5    500.4    320.0     97.4 
  1990    74.8    134.1    251.2    352.1    493.6    298.8    327.4     73.6    107.2    446.5    511.4    209.4 
  1991   257.4    106.5    175.5    325.1    412.6    450.2    282.7    233.9    175.9    488.7    259.8    152.9 
  1992    83.4     41.0     44.8    335.4    489.0    408.3    426.0    265.3    434.0    400.2    513.5     95.3 
  1993    10.6     93.3    220.5    252.7    647.6    701.5    228.3    145.4    240.4    795.0    425.6    280.6 
  1994   160.5    132.6    148.5    216.9    571.5    174.2    297.1    162.0    285.5    549.7    492.7     54.8 
  1995   229.8    139.8    234.3    426.5    665.5    639.0    218.6    410.2    348.9    468.3    263.0     72.0 
  1996   112.4    200.9    196.6    398.3     95.9    721.3    348.6    231.6    677.2    306.9    247.2    137.2 
  1997    47.1     20.2    163.2    331.1    557.7    296.1    502.8    206.3    588.9    589.0    510.9    349.6 
  1998   175.4    119.9    195.3    244.7    559.0    475.1    522.0    398.2    440.3    599.9    366.2    461.8 
  1999   118.1    254.3    190.9    708.6    579.3    370.4    267.5    450.3    294.5    564.5    387.7I   194.9 
  2000   184.8    513.7    261.4    198.2    391.9    329.6    145.0    447.7    441.5    293.9    226.7    195.0 
  2001   359.4    174.5    226.0    356.7    363.1    262.5    271.7     58.0    335.1    365.6    486.6    158.9 
  2002    70.2    125.2    142.0    276.0    418.9    351.0    180.0    190.3    172.2    609.1    344.5    322.9 
  2003    91.0     71.7    284.4    444.7    718.3    433.4    425.9    355.1    454.3    309.9    340.9     91.6 
  2004    89.3     97.9    222.5    443.9    522.5    275.0    356.3    166.1    430.8    671.1    244.3    221.9 
  2005    52.2     92.8    284.1    302.9    226.5    313.7    262.4    243.3    309.3    609.8    503.3    204.5 
  2006   222.7    201.3    270.7    275.6    416.9    427.5    186.0    403.4    258.3    560.9    358.6    153.7 
  2007    91.6      9.0     84.8    460.0    208.5    320.9    245.2    443.0    409.2    509.0    178.3    145.0 
  2008    51.4    177.8    286.4    650.8    503.0    387.3    557.0    214.9    194.6    400.9    312.7    146.7 
  2009    22.2     57.8    290.1    188.5    414.2    592.7    203.8    419.5    379.2    330.0    280.7    215.4 
  2010   233.6    111.9    157.5    438.3    658.5    451.5    367.4    385.5    310.3    436.6    540.3    469.7 
  2011   205.1    174.3     -9.9M    -9.9M    -9.9M    -9.9M    -9.9M    -9.9M    -9.9M    -9.9M    -9.9M    -9.9M
 
 
 
 
