



                              STATION NAME : SAGAMAM TANK            
                              LAT:  7.13N    LON: 81.80E    ELEV: ******M
                              ELEMENT : Precip,Total Mly in Millimeters         
                              Missing data values are coded as -9.9M 
 
  YEAR     JAN      FEB      MAR      APR      MAY      JUN      JUL      AUG      SEP      OCT      NOV      DEC
 
  1879   299.1    242.2     83.7      2.5       .0     16.5     65.8     24.1     15.1     -9.9M    93.7    233.2 
  1880    17.7     53.3    253.6     12.5     34.2       .0      6.3      2.5      5.0     58.2    118.5     68.3 
  1881   228.1     31.7     30.3     15.2    134.5     33.0       .0     57.3     20.4     82.7    176.2    530.6 
  1882   449.1    217.9    171.1     48.2     12.6     29.1     22.8     70.8       .0    181.1    172.4    391.9 
  1883   309.4    213.1     27.8     12.6    100.3     71.0     19.0     58.0     19.0     99.6    210.1    144.2 
  1884    97.3     24.0     51.9     51.9     13.8       .0     11.4      7.6     79.8    168.6    248.6    597.4 
  1885   182.4     58.2     63.2     12.6     35.4    100.1      7.6       .0      6.2     72.0    166.1    570.5 
  1886   518.8     59.5     26.6     86.3     86.2     41.7     23.9    119.2     63.3     72.2    364.9    423.3 
  1887   181.0    130.5      2.4     44.6       .0     52.6       .0     77.3       .0    183.8     64.5    837.3 
  1888    13.9       .0     27.9     15.1     67.1     22.8     22.8       .0     62.1    144.3    223.1    562.9 
  1889    74.6     57.1    143.1    145.7     63.3     71.0     17.7     15.1       .0     21.5    194.0    138.0 
  1890    -9.9M    -9.9M    -9.9M    -9.9M    -9.9M    -9.9M    24.0     50.6      2.5    116.6     72.1    324.5 
  1891   219.4    317.1    195.0       .0     78.6     62.1     52.0     31.6     20.3    317.0    270.1    383.5 
  1892   765.5    407.9    103.1     61.8       .0     78.1     64.6     22.2     30.8    154.5    157.3    231.3 
  1893   267.7     85.0    196.9     30.9     41.0     52.9     34.8     33.7     36.7    117.7    397.1    326.3 
  1894   313.7     26.3    163.1     36.7       .0      3.0     29.4     88.1     97.0    132.2    429.5    412.1 
  1895   232.1     14.7     19.0    264.7     64.9      3.0       .0     70.5     33.6    252.8    278.8    637.3 
  1896   391.3    379.5    130.9     29.4    150.0     57.1     51.5     30.8     57.3    196.3    294.2   1003.4 
  1897   217.6    111.5    114.9    198.5     24.8     23.5     29.4     45.7    175.0     97.1     57.4    772.9 
  1898   198.3     38.3       .0     41.1     44.2       .0     57.5      4.3     79.6    260.2    197.3    510.9 
  1899   795.0     70.6       .0    194.2       .0     73.5     20.5     67.8     17.7    232.6    254.2    346.6 
  1900   428.6     44.4     11.6     45.1      4.5     28.8     14.3     17.6     72.2    185.5    462.0    312.2 
  1901   126.5    119.7    256.1     71.2     77.3     22.1     28.3     57.5    114.4     31.4    168.4    349.7 
  1902   345.4    136.6     70.2      7.5      8.8     27.8     31.4     59.9    128.2    272.6    386.9    179.8 
  1903   291.6     97.6     15.9     77.0    113.1      3.5     -9.9M    51.5    133.9     74.2     64.8    226.5 
  1904   767.3     39.2      9.3     27.0     59.6       .0     80.7      4.3     21.1     97.4     41.8    515.6 
  1905   279.9     46.3      1.5    146.0     32.1     28.3       .0     24.7     29.4     69.6    520.4    139.3 
  1906    46.8       .0     91.1     11.6     21.2      1.5     17.2     58.5     56.7     99.8    236.6    210.8 
  1907    87.9     39.3    102.6     64.6      3.8     84.7     38.8     55.8     17.7    136.7    235.2     48.1 
  1908   301.3    154.6    206.7     41.8     51.9      7.8      4.3      5.8     36.7    239.2    155.0    597.9 
  1909   185.3    226.2     71.7      9.6     24.0      5.3     55.1    120.9       .0     53.7    235.7    288.6 
  1910   638.4     48.2     15.9     54.6       .5     21.4     31.4     50.9     44.8    216.7    132.5    366.7 
  1911   157.5     39.0      7.3      1.0      3.7     40.5     11.4     16.9    111.1     91.0    480.8    495.9 
  1912   143.1       .0    108.5     43.5     64.6     18.1       .0      7.1     13.0    198.7    186.9    250.8 
  1913  1161.0    159.4    111.8     54.5       .0       .0     32.4     34.3       .0    182.0    218.9    684.2 
  1914   348.4     69.4    250.8     20.6     14.3     52.6     61.0     45.5     35.2    186.9     -9.9M   302.3 
  1915   391.1     46.9    138.3     42.7    159.9       .0     67.2       .0     53.2     57.5    271.6    316.2 
  1916    54.4      8.1     49.6     16.9     43.9     38.0    128.6    152.8    217.8    112.5    261.3    239.2 
  1917   524.5    193.7    205.0     68.8     92.0     60.8    100.9     43.0     90.2     64.7    258.6    174.7 
  1918   204.5     13.8     58.4     83.6     40.6     16.6      5.5     64.5      7.3    141.4    150.4    359.7 
  1919   152.5      7.2    110.8     39.6     85.4     23.7     17.2     57.0     67.7     73.3    186.9    332.1 
  1920   260.2    114.2    127.1    123.4      7.6     12.2     11.1     41.0     88.2    126.3    329.6    144.2 
  1921   405.6       .0    139.5     92.8       .0      7.5     72.2    148.4     69.4    336.1    217.0    435.4 
  1922   308.5    130.5     11.6    285.0     40.5     80.0      8.1     30.6     17.3    350.6    301.8    159.9 
  1923   422.6     11.5     43.7     38.0     64.4     38.5     54.4     45.0     28.5     94.1    159.3    569.7 
  1924   430.7      6.3    267.1     16.4     49.5     29.9       .0      8.2     80.1     53.1    164.0    484.9 
  1925   260.5    195.0    286.6     70.2     19.0     47.4      8.1     27.4      7.8    220.3    305.9    310.6 
  1926   366.0     25.3     64.6    121.0     78.8     43.1     46.3     42.2     59.6     72.7    216.0    258.7 
  1927   438.5    241.0    325.2     37.0     65.9     30.7       .0     42.3     94.6     53.1    356.8    375.1 
  1928   280.9    120.6       .0     96.7     26.8      9.6    126.9     27.6     32.9     70.8    548.9    176.3 
  1929     8.0     91.2    171.1     86.2     30.6     58.3      7.7      5.5     90.3    158.1    192.1    644.5 
  1930   127.4     40.5     63.5     82.1    217.4     49.9       .0     86.7      7.6    170.3    277.6    101.7 
  1931   673.7    234.7     35.4    205.5     51.9       .0     49.4     30.0     65.8    184.6    514.0    549.4 
  1932    52.6    300.0     71.0     53.8     34.1     19.2     21.2    140.4     29.1    287.6    234.9    229.8 
  1933  1118.7    139.9       .0     97.0     67.2     81.2       .0    139.2    251.2    127.9    357.8    293.9 
  1934   443.6    196.4    106.2      3.7     21.5     87.4     29.9       .0     46.9    251.1     87.2    214.0 
  1935   259.5     31.0     37.7     16.4     41.8     10.8       .0    106.4       .0     44.1    390.0    520.6 
  1936   312.3     29.1    226.6      3.8     17.5     21.5     41.8      8.8      6.2     66.9    222.8    695.2 
  1937   522.8    310.1     83.8    287.6     24.0       .0    109.1     13.9     78.2     39.3    304.1     63.2 
  1938   431.6    696.2    126.6     73.5      2.5       .0     30.3      7.5    106.5     31.1    168.7    170.9 
  1939   105.6     56.4     27.9    161.1       .0     33.9       .0       .0      6.3    122.0    336.4    249.4 
  1940    14.3    339.1     43.5     39.7     94.2     57.8       .0       .0     20.4    243.0    542.2    321.1 
  1941   420.5    423.2     67.1    104.6     39.0       .0       .0     78.0     81.6    143.6    500.1     94.8 
  1942   178.5    180.4    319.4    127.6     18.4     19.0      1.0       .0     52.9    169.0    204.6    479.5 
  1943   102.7    301.3    183.7       .0     85.6       .0     35.1     26.2       .0    331.7    220.7    227.8 
  1944   249.7    561.3    102.6     11.3    151.0      4.0      4.4    111.5     58.3    171.5    192.9    173.1 
  1945    12.6      6.1    155.5     44.8     33.1      2.5     27.3     65.1     15.6    149.5    303.5    192.8 
  1946   290.0    145.1    117.9     63.2     55.7     21.7     31.3     72.6      7.6    130.4    411.2    428.5 
  1947   332.2     35.0     72.8    103.8      6.0     25.4     40.5     66.6     95.9     88.4    217.3    332.6 
  1948   328.2     22.8     75.1     98.9      8.3     71.9     38.4     30.4     23.5    142.2    307.2    607.9 
  1949   271.5    131.3     67.9      1.7     71.5     67.1    117.1     67.4     54.3     94.6    203.0    766.2 
  1950   354.6    144.5    245.1     27.9     26.1       .0     41.3     71.4     38.9    135.4     72.5    237.4 
  1951   996.5    224.4     91.6    160.2    144.4     36.6     60.8      6.3     11.9     35.5    139.8    218.6 
  1952   693.9     82.3     45.3     -9.9M    57.2     45.7     69.6     11.4     71.1    117.9    231.9    121.6 
  1953   490.0    210.9    117.5     -9.9M      .0     50.7    121.0      7.8     35.4    207.2    201.2    350.5 
  1954   293.2    193.0    112.8     93.4     21.9     21.0     97.6       .0     30.4    229.9    366.3    418.9 
  1955   426.9    544.6     52.5     30.2     11.1       .0    108.9     28.9     21.4     61.4    148.0    272.9 
  1956   304.1     87.0     37.1     15.2      3.0     95.1       .0     78.2     21.2    108.8    279.1    389.5 
  1957   376.7    226.8      3.2     69.7     70.3     63.4     82.6     19.4     11.3    125.5    481.8   1153.4 
  1958   191.9    148.1    155.3     34.3     31.7      2.5      8.6     67.0     21.3     55.8    150.1    446.3 
  1959   209.6    256.1      1.2    120.5     58.9     61.3     12.8     22.3     42.3    118.4    225.6    245.1 
  1960   312.6    872.4     75.7     44.9    144.4     10.4    158.7      3.8     67.2    141.9    387.9    134.4 
  1961   243.7    392.1    153.5     56.8     58.8     20.8     27.8     43.6    129.1     99.8    481.6    573.7 
  1962   243.2     84.7     70.9     71.0     93.6     31.2     35.0      5.5    121.3    273.2    211.5    276.8 
  1963   489.8    164.1    327.6     71.0     40.2     52.3     46.6     -9.9M    29.5    201.1    598.2    471.0 
  1964   406.4    274.4    223.4      6.8     24.0     10.1     92.9       .0     51.4     80.1    120.7    166.5 
  1965    59.2    418.4     27.8     98.8    101.6       .0      9.3    198.8    147.9    137.8    456.3    443.5 
  1966   285.9     60.6    228.9    112.9       .0       .0     33.4       .0    140.0    328.5     -9.9M   365.4 
  1967   301.2    230.7     82.9    121.0     52.0     52.5      2.5     57.1       .0     12.6    427.2    449.0 
  1968   213.4       .0    237.8     98.8       .0     12.1       .0     12.1     32.3    111.3     -9.9M   114.8 
  1969   319.7    219.2       .0    255.6    100.9      3.8     47.7     82.1       .0    122.6    162.5    622.0 
  1970   228.2    341.1     97.8    125.7     43.6       .0     -9.9M    74.2     30.4     82.4    235.2    266.8 
  1971   312.8     15.2     68.1     27.9     72.5       .0     42.6      6.3     22.0     83.4    274.6    475.6 
  1972   261.5      2.5      9.6       .0     50.5     44.3     40.5       .0     56.7    381.5     -9.9M   363.4 
  1973    71.1    142.6    115.0     48.0     49.4     21.0     33.0    112.0     15.3    225.5    238.6    442.0 
  1974      .0    135.6     16.8    107.1     26.6     55.6     37.3     49.9    112.1     44.3     68.0    429.1 
  1975   240.7    130.4    192.0    167.3     12.7       .0     59.2    106.7     35.3     56.2    342.2    255.2 
  1976   473.1     18.5     49.4     24.0       .0     17.0     21.0     43.8     24.1     59.0    220.5    463.8 
  1977    85.6     88.3    168.5     46.0    196.3       .0     15.3      8.4     26.5    170.3     67.5    365.6 
  1978    46.5     -9.9M    59.7     36.3     19.1     37.3     54.8     -9.9M    56.9     54.1    396.3    513.5 
  1979   134.2    164.5     43.2      6.1     32.7      3.8     27.5       .0    135.3    133.0    236.9    156.4 
  1980   143.0      5.5      5.4     49.0     -9.9M    13.0     -9.9M    22.0       .0    132.0    149.0     -9.9M
  1981    98.0    131.0     42.5    133.0     -9.9M      .0     61.0     46.0    118.0    146.0    137.0     27.1 
  1982      .0       .0     71.0     58.0     24.4     72.0      4.0     52.0     14.7    106.6    363.6    595.5 
  1983    38.8       .0     16.3     -9.9M    12.5    104.9       .0     56.0      1.6     74.4    106.1    385.9 
  1984   450.6    997.3    101.3     69.0      3.4     26.9     96.0       .0     20.2     44.5    258.6    106.1 
  1985   201.3    185.5    172.3     54.1     57.4      4.2     55.5      8.2     75.0     52.2    234.1    291.7 
  1986   576.4    153.7    412.5     48.0       .0      8.0      4.9      4.9     86.9    130.3    237.4    304.8 
  1987   339.8     33.6    231.4     42.1     52.7     25.0       .0     28.5     48.0    213.8     94.3    128.6 
  1988    -9.9M    90.0    242.0    127.8       .0     -9.9M    30.9     45.6       .0    113.3    103.4    351.5 
  1989   284.0     91.3     45.8     -9.9M    10.0       .0     17.0      5.0     10.0     -9.9M   197.0    211.0 
  1990   305.0     65.0    200.0     -9.9M    -9.9M    -9.9M    -9.9M    -9.9M    -9.9M    -9.9M    -9.9M    -9.9M
  1991    -9.9M    -9.9M    -9.9M   147.5     -9.9M    -9.9M    -9.9M    -9.9M    -9.9M    -9.9M    -9.9M    -9.9M
  1993    -9.9M    -9.9M    -9.9M    -9.9M    -9.9M    -9.9M    -9.9M     1.3      2.8     76.6    324.7    578.0 
  1994   492.4    197.8    108.7     99.2     52.7      7.3    110.3     15.3     37.3    204.4    655.7    236.9 
  1995   297.0    173.5       .0     60.3     88.5       .0     13.3     12.0     46.6     80.7    148.1    261.3 
  1996   454.6    159.4       .0    343.2       .0      5.0       .0       .0    138.4     67.3    468.3    148.3 
  1997    20.6     73.8     56.6     13.9     11.8     87.8     34.8     79.0     32.8    189.5    523.9    462.1 
  1998   272.0       .0     19.3     31.0     75.3       .0     40.7       .0    258.1     95.2    233.0    216.6 
  1999   253.6    199.5     19.3     36.5     14.0     26.3       .0     49.4     86.4     99.3    259.7    145.4 
  2000   447.6    293.3    103.2       .0     17.0      6.7       .0     15.6     88.1     92.8    584.9    405.6 
  2001   296.0    157.8       .0     45.9       .0     39.3       .0       .0     35.0     59.9    180.0    331.5 
  2002   226.4    118.1       .0     31.0     75.0     68.7       .0       .0       .0     74.0    234.2    598.1 
  2003   448.0    165.8     81.1     93.7     89.8       .0       .0     20.0       .0     29.9    614.8     50.8 
  2004    -9.9M    -9.9M    -9.9M    -9.9M    -9.9M    17.6     11.9     11.0    156.2    230.7    589.4    646.5 
  2005   155.9       .0       .0     86.8     14.3       .0       .0     36.5     21.3     39.7    215.4     64.2 
  2006   306.1     -9.9M      .0     18.7     12.2       .0       .0     -9.9M    42.7     96.4     -9.9M   274.2 
  2007   229.3      9.7     67.5    156.8     15.5       .0     -9.9M   156.9       .0    218.5    167.9    311.4 
  2008   212.9     48.2     -9.9M   138.5       .0    247.0       .0       .0       .0     91.5    295.6    238.6 
  2009      .0       .0       .0       .0       .0       .0       .0       .0       .0    130.0    431.0    174.7 
  2010   209.5     39.0       .0       .0       .0       .0       .0     30.0     16.0     78.0    245.9    423.0 
  2011   861.9    359.4     96.1     89.9     10.7     -9.9M    -9.9M    -9.9M    -9.9M    -9.9M    -9.9M    -9.9M
