



                              STATION NAME : TISSAMAHARAMA IRRIGATION
                              LAT:  6.28N    LON: 81.30E    ELEV: ******M
                              ELEMENT : Precip,Total Mly in Millimeters         
                              Missing data values are coded as -9.9M 
 
  YEAR     JAN      FEB      MAR      APR      MAY      JUN      JUL      AUG      SEP      OCT      NOV      DEC
 
  1879    32.8     37.9    132.9     73.6    155.8     40.5     79.9     10.1     27.9     77.0     64.5    159.6 
  1880    32.9     22.7    288.9    190.1     11.4       .0      2.5     17.7     -9.9M   110.4    271.0     92.3 
  1881    96.1     -9.9M   115.3     62.0     87.5      6.3       .0     21.5     91.1    328.4    333.2    184.9 
  1882   122.6    111.0    123.4     72.3     70.9     28.0     38.7     51.8       .0     54.6    235.7    161.4 
  1883    67.4     56.2     78.1    127.6     62.0     19.1     -9.9M    59.4     16.7    219.9    170.0    124.5 
  1884    24.3      4.8     51.5     63.2     93.8     22.0       .0      5.8     58.4    188.3    119.3    187.0 
  1885   100.8     49.0     54.5     60.1     72.1     63.4       .0      7.5     18.9    182.1    199.3    182.4 
  1886   100.7     25.7     27.6    166.9    106.3     24.7     61.7      4.0     43.0     -9.9M   175.6    144.9 
  1887    60.5     27.2     16.4     93.7     20.3      7.5     38.0     31.7       .0    157.3    219.6    344.8 
  1888      .0       .0      7.6     49.2    123.3     12.5       .0       .0     31.6    256.0    252.4    132.5 
  1889    34.2      7.6    149.0     71.8    126.3      7.6     22.6       .0     69.0     72.3    346.3    313.7 
  1890    -9.9M    -9.9M    -9.9M    -9.9M    -9.9M    -9.9M      .0     45.6      7.5     26.7    185.6     35.4 
  1891   101.6    161.3    107.5    129.8    124.2     68.2      9.3       .0     16.8    587.6    208.1    271.2 
  1892   208.0    131.9      7.6     71.1       .0     46.2       .0     45.7       .0     25.3    102.7     70.0 
  1893    36.3     21.2    161.3     83.7     52.1       .0     40.5       .0       .0     38.5    212.6    133.4 
  1894    18.9       .0     76.1     74.4       .0       .0     27.8     16.5     83.8     66.9    232.8    138.5 
  1895    74.9       .0      8.6    172.2       .0       .0       .0     41.2     66.8     93.5     92.9    222.3 
  1896    67.4     62.5     82.7     97.5      7.7     31.7     10.0     31.4     79.5    128.4    156.5    192.1 
  1897    22.7    102.6     51.9    251.1     41.4     41.7     16.4     23.8     86.0    211.2     79.1     95.0 
  1898    83.7      6.3     78.6     83.6     35.0     26.6      7.6       .0     15.4    144.9    171.9    245.7 
  1899   238.7     -9.9M    -9.9M    -9.9M    36.9     43.2      7.6       .0     11.4     44.8    129.5    108.8 
  1900    99.2     19.7     34.4    132.9     54.9     19.6     38.8     43.1      7.9    437.2    274.8     -9.9M
  1901    -9.9M    27.3      3.0     -9.9M    46.9     46.3     27.3      3.0     32.9     85.3    106.2     38.5 
  1902   144.6     78.4     30.1    104.5     52.0      1.2     19.0     24.1    222.3    256.5    347.1    108.8 
  1903    94.6    140.7      5.0      7.5    128.9     39.5     63.5     19.7     35.9    126.7    110.3    181.9 
  1904   256.3      7.5     46.2     54.1     48.0     29.8     62.8       .0     67.0    189.5     67.3     81.8 
  1905    15.4     26.4     33.6    142.7     80.2       .0       .0      1.2     23.5     76.0    265.0    166.2 
  1906     4.5     44.7     56.7    155.4     33.6     58.2      4.9     40.8     23.9    150.4    161.4     41.0 
  1907   104.0      7.7    117.0    200.2     29.5      6.6      7.5      5.3      5.0    146.5    229.1     31.0 
  1908    62.9    255.7     71.3     31.9     29.9      7.5       .9       .4     43.0    162.7     37.9    130.4 
  1909    59.2     79.6     64.8     88.0     30.9     32.7     31.6     14.3     12.0    131.9     62.2    165.3 
  1910   117.4     67.0     16.9    118.1     11.1      1.7     62.6     14.2     10.7    106.6    153.7    155.7 
  1911    95.2     11.2      7.7     35.8      3.5      5.9     17.7       .0     28.6    224.5    433.4    260.0 
  1912    20.7      7.5     25.2     86.0    121.5     13.8       .0     11.4     18.3    188.5    274.5    233.3 
  1913   258.4     40.0     75.2     87.9     57.4     42.9     12.6       .0      1.4    185.8    137.4    299.5 
  1914    60.1     20.2     87.2     59.1     84.4     19.4      2.5       .0     32.9    160.7    244.7    206.7 
  1915   191.9     17.7    103.4     96.1     23.8     28.1     63.9       .0     57.1     98.9    165.1    188.9 
  1916     9.1      3.7     87.6     46.0    197.9      1.7     45.5     40.8     40.2     37.3    204.5     73.5 
  1917   217.1    143.8    183.4     62.3     14.3     27.9     58.2     25.0     68.7     36.8    106.3    313.4 
  1918   147.0       .0     35.8    105.8     74.2      7.6     65.1       .5      2.0    157.6    173.6     68.1 
  1919    32.4      7.8     50.6     86.4    104.5     15.8     23.2      3.0     55.8    166.3     77.9    261.1 
  1920    81.8     24.7    172.9    162.5     32.6     16.5      5.5       .0      6.9     81.5    275.5     86.8 
  1921   139.6       .0     82.2    124.0       .0      5.0     34.9     31.4     89.5    231.0    125.7    110.6 
  1922    58.2     38.3     31.4    164.8     29.9     24.2       .0       .0      3.9    276.9    241.2     43.7 
  1923   197.9      3.8     14.8     84.0     27.0     29.7     30.6     47.8    137.4     76.4    294.1    235.0 
  1924    98.8      4.6    334.5     17.0    112.8      5.2     85.3      1.5    109.9    121.0    186.9    168.4 
  1925   147.9     64.1    214.1     77.2     29.1     26.0       .0     43.7      7.3    144.1    218.6    174.7 
  1926   211.3      7.6     26.9     13.0    153.7     16.1     33.9     17.7     35.2     76.4    207.6     94.0 
  1927   140.9     47.5    249.2     87.5     84.7     19.6      1.0     31.4     94.7    109.2    356.3     98.7 
  1928    43.3     46.4     39.0     77.2     51.8       .0     69.2      2.5       .5     79.2    323.0    203.0 
  1929     9.3     17.2    185.4    166.7      7.3     11.8      6.5       .0    203.2     46.7    407.6    362.1 
  1930    20.0     65.8    150.2    130.0    232.2     44.8       .0      3.0    112.3    130.5    279.0     71.4 
  1931   167.2     10.0     85.2    139.9     68.1     44.5     19.4     11.1     18.3     47.5    287.0    198.3 
  1932      .0     74.3     67.5     58.1    132.8      3.2      6.8     90.5    139.9    115.2    104.2    141.6 
  1933   365.5     49.5     22.5    209.3    247.7     23.2     19.3     49.3     22.2     52.0    253.1     28.2 
  1934   167.0     86.7    103.2     77.3     31.0     18.9      1.0       .0       .0    153.2     40.8     43.4 
  1935   126.4     39.4     85.1     43.1     16.3     25.4      7.1      9.6     29.1     83.2    185.4    248.9 
  1936   144.7     25.5     59.6     64.5    155.0     28.1      5.5      2.5    117.6    169.0     94.8    205.6 
  1937   124.2     74.4     67.3    114.4     30.5      3.5      7.3     71.7     59.9    119.4    258.0     54.5 
  1938    80.0     88.4    146.8    167.1       .0       .0     72.7     26.6     15.4     34.3     41.2    137.0 
  1939    36.8       .0     65.3    238.1     82.4      6.5      5.5     76.5      9.6     89.2    156.9     67.8 
  1940      .0     37.0      8.8    138.5    278.3     37.3      8.1      1.0      5.0    291.8    483.0    189.2 
  1941   143.0     36.9     97.1    111.5    116.0     44.2      9.9      8.0     53.1    236.9    228.9     29.9 
  1942    47.9     24.9    105.3    195.5    232.6     12.6       .0     27.6     91.3    168.5    189.3    170.3 
  1943     8.2     27.2    136.8     71.2    209.2     12.5       .9      8.0      1.0    189.1    218.7    171.0 
  1944   145.4    197.7     69.6    154.7     44.1     26.8      5.0       .0    115.3    137.5    306.1    107.4 
  1945    15.8     41.0    177.8     58.8     18.7     35.8     39.7       .0       .0    155.2    280.6    135.4 
  1946    37.8     27.6    113.4    137.9       .0     35.7       .0       .0      5.8    223.4    278.2     94.2 
  1947   126.7     24.3    154.4    118.2    131.3    132.4      8.3     54.0     11.3    163.4    144.7     57.6 
  1948   184.3       .0     43.7    102.2     40.2     51.3     18.4     46.1     12.5    171.8    354.8    110.4 
  1949   158.2     80.5     12.6     54.8     33.6     28.6     94.4     48.4     14.6    139.4    189.6    280.0 
  1950    31.3     59.8     31.6     62.1     33.5     17.4      6.3     15.8     29.4    175.5    149.7     48.8 
  1951   359.1     79.4     31.3     48.2     67.6     52.6     51.3       .0     42.5     40.2    369.1    167.0 
  1952   219.1     16.0     73.4    121.0    112.4      8.7     76.5       .0     77.1     97.1     63.2     28.1 
  1953   186.3     60.3    156.4    126.9       .0     18.4    133.3     11.3     93.3    253.6    342.8     60.8 
  1954   200.3     93.2    106.5    127.9     21.9      5.0     52.3     22.4      2.2    357.8    184.1    221.6 
  1955   292.2     87.3     69.2     88.8    111.9      5.7       .0     22.7     83.6     73.2    214.4     74.6 
  1956   158.5      4.0     64.4    167.5     38.8     51.8       .0       .0      8.6    150.6    147.8    230.5 
  1957   137.1     71.5     11.6     18.4    120.8     31.3     15.7       .0       .0    100.8    360.8    538.9 
  1958    83.6     40.0     44.2    125.4    122.1       .0     15.0     26.2       .0     76.1    199.0     92.2 
  1959   132.6     58.8     70.2    180.6     74.7     31.0     18.9     91.5     21.8     58.9    347.9    130.1 
  1960    41.7    284.7     15.5     59.4     11.3    152.0      9.1     20.4     46.6     78.6    135.7    152.8 
  1961   175.4    149.0    158.8     26.6     64.1     63.7     85.0     18.2     39.5    205.3    342.7     95.2 
  1962   153.0      5.7     58.4    115.7    106.6     16.6     -9.9M     8.4     12.2     98.8    238.8    194.0 
  1963    79.3    112.4     57.4     69.8     64.4      9.6     51.1     24.0     61.9    312.2    383.6    109.5 
  1964   120.4    196.1     96.6     37.9     29.6     36.6     25.6     28.4     51.1     27.4    115.0     66.8 
  1965     1.5     28.4       .0     57.5    100.7       .0       .0     43.3     70.4    213.8    286.5    210.2 
  1966    49.4     33.5    177.0    117.9       .0      7.6      4.8     13.9    106.6    137.4    274.3    276.6 
  1967    93.8    125.4     17.7     32.5      7.8     35.5     50.7       .0      3.8    251.1    263.1    142.2 
  1968    53.0       .0     70.9     68.9     12.1     40.4     11.5       .0     38.4    134.9    125.7     89.8 
  1969    58.9     -9.9M    25.9    114.0      6.8      6.8       .0    177.1      8.8     -9.9M   176.6    572.7 
  1970    51.0    281.3     96.0    134.6    103.1     -9.9M    28.0     -9.9M    -9.9M    49.6     -9.9M   133.1 
  1971   102.6     79.0    114.3     97.0      1.5      8.2      6.3     27.4     65.3     61.4     51.7    244.9 
  1972    16.9       .0     21.5     20.8     63.4      1.0       .0       .0     65.1    196.8    216.2    185.4 
  1973   120.4       .0     52.4     76.3     63.4     74.4      5.7      2.5     23.3    396.8    296.6    219.0 
  1974      .0     46.4     48.0    132.8     45.6     49.6      4.4      7.6     38.0     74.0    143.4    187.9 
  1975   100.1     35.3    247.0    102.6     99.1     81.6      4.8      7.0     70.2     31.2    132.8    292.3 
  1976    65.2      6.8     78.3    140.6      8.7      6.2       .0      3.7       .0    123.4    571.9    146.9 
  1977     3.8     62.4     18.5     96.2     -9.9M    25.1      9.7     23.3     19.0    289.7    265.8     93.6 
  1978     6.6    114.8     87.7     66.0    134.6       .5       .0      1.8     26.9    116.8    292.7    137.3 
  1979    30.4      7.9     31.0     69.3      9.6       .0     26.2       .0     40.6    180.6    279.3     -9.9M
  1980    -9.9M    -9.9M    -9.9M    -9.9M    -9.9M    -9.9M    -9.9M    -9.9M    -9.9M    76.4    176.3     71.0 
  1981    73.9     27.7     31.0     84.9     25.4      3.6     43.2     21.6       .0     -9.9M    92.4    164.3 
  1982      .0       .0    153.0    181.3     55.2     75.4     53.4     36.3       .0    318.3    467.1    121.7 
  1983    28.4       .0       .0     21.1      2.5       .0     19.5     54.7     27.5    173.9    146.6    148.4 
  1984   161.5    250.9    124.8    118.6     12.5     13.4     -9.9M      .0     39.5    164.2    237.5     31.0 
  1985    37.9     81.3    139.2     68.1     27.7     77.1      9.0      4.0     80.0    201.0    154.5    116.0 
  1986   180.6     27.3    178.2    163.4     22.4       .0       .9     45.0     17.0    189.8     20.3     45.2 
  1987    97.6       .0     65.0     54.7     67.6       .0       .0     11.3     73.3    323.7    116.0     47.0 
  1988    47.5     20.3    138.6    107.3      5.0     33.0     62.7      6.8     13.7     91.0    207.1     91.5 
  1989   129.4     44.0     63.0     38.0    114.0     22.0     53.0       .0     49.0     20.3     52.5     42.3 
  1990   123.1       .0     65.0     15.3     57.6       .0     48.6       .0     -9.9M    -9.9M    -9.9M   282.9 
  1991   138.0     10.0     16.1     54.7     22.4     59.9       .0     12.7       .0     68.5    238.3    204.0 
  1992    24.0       .0       .0     30.3     38.1      9.9     17.0     11.9     20.3      8.5    382.9    147.0 
  1993    25.4      8.5     30.1     33.3     42.5       .0     43.5       .0      7.5    151.3    225.6    240.0 
  1994   114.3     33.8    137.5    123.0     14.0       .0     20.0     14.5     82.3    108.7    249.7     71.3 
  1995    78.7    115.6       .0    117.7     64.7     -9.9M    -9.9M    -9.9M    -9.9M    -9.9M    -9.9M    -9.9M
  1998   117.9       .0      2.0     28.0     42.4       .0     57.0     26.3       .0    147.2    116.0    337.2 
  1999    99.5     96.7     14.1     35.4     36.1     37.9       .0       .0     83.5     90.8    293.8    124.5 
  2000   146.7    118.5    176.8     90.7     34.2     27.3       .0    203.6     49.6     67.2    214.7     78.9 
  2001   170.1     24.7       .0     94.4       .0     58.8       .0       .0     21.9    167.9    278.6    157.1 
  2002    30.0     55.7      9.5    117.5     39.6       .0     40.0     12.2     26.1     92.6    188.6    247.3 
  2003    93.4     99.4     33.3    173.6     33.5      8.1      8.8       .0     54.2     67.1    487.5       .0 
  2004    75.6    181.2     55.4    129.7     78.2       .0       .0     16.4    144.3    267.9    255.5    370.3 
  2005     8.3    115.3     69.1    116.5     58.8       .0     36.4     10.3       .0    122.8    481.2    119.9 
  2006    76.2     41.2     68.4    109.7       .0     20.8       .0     10.3     69.0    434.5     87.0    428.6 
  2007   538.5     20.6       .0    187.8     27.4     35.3       .0     85.1     79.9    122.7    276.3     82.3 
  2008    53.1      5.1     64.0    103.3       .0       .0     18.2       .0       .0    204.4    402.4    126.4 
  2009    42.6       .0     21.2    112.5     58.8       .0     15.3     47.6     15.3     48.9    504.8     96.5 
  2010    24.7       .0     16.7     97.7    103.4       .0     15.3     16.2     46.6     50.4    249.5    329.6 
  2011   224.2    103.4    264.0     -9.9M    42.5     -9.9M    -9.9M    -9.9M    -9.9M    -9.9M    -9.9M    -9.9M
