



                              STATION NAME : TRINCOMALEE             
                              LAT:  8.58N    LON: 81.25E    ELEV:   23.9M
                              ELEMENT : Precip,Total Mly in Millimeters         
                              Missing data values are coded as -9.9M 
 
  YEAR     JAN      FEB      MAR      APR      MAY      JUN      JUL      AUG      SEP      OCT      NOV      DEC
 
  1869   252.6     16.5     -9.9M    -9.9M    -9.9M      .2     31.3     62.4    152.6     85.6    516.9    156.7 
  1870   240.5     38.0     11.5     -9.9M    10.0       .0     91.7     63.5     42.3     87.2    217.5    207.8 
  1871   563.4     93.2     45.8     21.8     84.5       .0     25.5     70.0    171.6    223.4    352.9    237.8 
  1872   142.9     31.1     14.9     56.8     23.8      3.8     36.9    112.7     79.5    145.3    406.3    199.2 
  1873    14.4    188.0     31.3    237.2    121.8       .0     79.9     54.7     72.2    216.6    338.5    183.0 
  1874    53.8     69.7     51.6      2.0     63.8     57.2    130.4     83.4    258.5    207.3    245.5    333.7 
  1875    -9.9M     1.1     21.8     20.9     18.6     50.8       .5    101.8    124.9    329.2    380.6    409.9 
  1876   118.0     19.3     24.8     63.6     53.2     81.6     95.6    250.7     18.3    149.5    267.1    251.3 
  1877    18.3       .0     39.4     10.5     94.6     13.4     12.7     52.7    193.5    362.8    433.9    493.8 
  1878   606.5       .0     26.1     37.0     19.7    141.8     98.8    154.8     51.7    160.6    240.8    278.4 
  1879    45.9    134.6    125.9     19.1     54.5       .5    126.9     53.4     57.9    121.2    262.4    237.6 
  1880    65.8     76.1     17.7    119.4     38.5     92.8     68.7    119.7     55.2    117.2    443.5    256.7 
  1881   197.9     33.9      8.2       .0     75.8     89.9     43.6    112.4    142.7    150.0    227.9    536.4 
  1882    58.0     40.6     36.7     24.0     45.0     33.8       .0    225.4    131.3    216.0    392.0    711.7 
  1883   146.8    206.5     63.5     17.7    116.9    163.8      2.7     34.4    110.8    320.5    544.6    206.4 
  1884    22.4       .0       .0      6.7     21.6     41.9     21.3     66.0    104.5    448.3    254.7    406.8 
  1885    57.1     67.9     23.1     27.1      9.5     -9.9M      .0     55.3    157.3    320.5    305.2    365.5 
  1886   237.1     51.1      1.7     28.6     92.1     55.0    113.6    169.5     72.0    102.4    297.4    316.1 
  1887    13.1      9.5      6.4     97.8     27.6     66.6     50.9    233.5     38.3    195.2    215.5    705.3 
  1888     6.9      2.2      1.5     58.5    244.6      5.8     41.3     65.8    105.4    218.2    390.5    419.8 
  1889    52.6      5.4     77.9     47.1     21.0      8.6      4.2    212.0     79.6    107.1    127.5    138.9 
  1890    62.5     50.4      8.4     28.3     85.6     23.6      8.8    104.2    126.0    152.0    371.5    206.6 
  1891   104.3    112.8     41.8     18.8     92.9      3.7       .0     57.0     94.8    302.3    140.2    700.2 
  1892   279.5    184.3       .0     74.4     19.5     58.1     78.1    207.0     45.0    179.3    286.1    182.3 
  1893    99.1     45.8    207.8     47.3    174.7     23.6    149.4      4.8     96.1    154.3    892.3    130.8 
  1894    47.4      3.4    107.8     23.4     53.2     36.4     69.9     74.1    156.4    214.8    266.3    298.0 
  1895   176.0       .0       .0    108.0     40.1       .7     68.3    159.8    151.3    177.1    365.0    627.8 
  1896   201.9     52.0     17.1       .0     62.6      8.2     46.5    123.3    174.3    107.4    475.5    799.4 
  1897   181.0    158.5     32.7    112.5     34.4     12.1     31.9    222.1    202.6     72.5    109.2    733.3 
  1898   317.2      1.0       .0    138.1     21.1       .0     84.6     78.0    142.4    156.6    496.0    605.1 
  1899   183.6     14.0     53.0     83.2     12.9       .0     52.8     12.6     70.6    199.5    379.9    511.3 
  1900   127.4     -9.9M      .0    137.0     36.5       .0     26.2    138.9     61.1    248.3    524.0    197.1 
  1901    47.9     62.7    197.4     62.5     53.2     25.3     14.7     43.1    288.9     67.6    346.5    245.6 
  1902   280.5     87.2     80.8     -9.9M     9.3     51.9     -9.9M    48.2     -9.9M   273.7    676.2    387.3 
  1903   106.6    119.3       .0     14.9    145.8     82.2     40.2     38.9    266.0    243.8    163.9    279.9 
  1904   292.9     43.0       .0     16.4     84.8       .0     92.2     35.9     14.3    184.0    418.6    503.5 
  1905    56.7     23.4       .7    234.2     31.9      2.7     51.4     92.0     90.1     98.4     -9.9M   136.2 
  1906    57.5       .0      5.5     57.8     38.0     13.8    198.4    158.6    149.9    219.7    617.1    288.7 
  1907   259.3     37.4     49.1    107.1     81.1      1.7     86.1     39.5    121.0    343.6    561.2    153.5 
  1908   126.2    173.8     52.1      4.5     49.6       .0      6.3    120.3     61.4    266.3    136.2    362.0 
  1909    83.4     46.6     47.0      9.9     30.6       .5       .0    297.7     79.9    186.3    159.1    185.5 
  1910   103.5     54.0       .0     73.3     31.1     66.1    101.5    102.8    200.5    277.6    489.4    394.9 
  1931   524.2     64.1     16.5     59.3     80.5       .0     80.6       .5    120.2    170.0    353.8    376.5 
  1932    76.8     12.4     32.3     32.1    109.4     19.4      3.3    189.4     16.0    391.4    368.7    272.9 
  1933   225.4     17.1     33.4    108.2     88.2       .2      1.9    116.3    110.2    228.9    272.7    254.9 
  1934   252.4     51.6    142.6     23.0     37.9     17.9     35.3     75.9     32.1    345.6     80.2    137.8 
  1935    85.7     32.9       .7     33.1     99.9     32.3      1.0    245.8     76.0     98.8    671.5    672.4 
  1936   147.0    100.3     85.2       .5     20.4       .9    182.8    109.1    120.6    141.9    232.1    635.4 
  1937   221.9    153.6     61.0     86.5     29.3      1.5     10.6    132.0     37.3    152.0    517.4     74.0 
  1938   178.7    391.5    146.2    135.5     24.8     43.1      9.4     71.5     44.9    350.0    201.1    186.9 
  1939   176.7     61.3     30.4    105.7       .7      8.5      2.5     13.3     75.1    488.6    369.8    341.6 
  1940    18.4     93.9       .0     26.3    212.9     34.2     38.4     12.5     39.3    263.7    303.2    540.0 
  1941   206.2    185.9     26.5    103.9     61.2       .0     64.3     66.9    210.4    274.4    680.8    247.2 
  1942   230.4      6.3     51.2     -9.9M    32.2       .5      1.7     27.5    191.0    237.6    224.1    495.0 
  1943   222.4     85.3     17.9    163.9    233.8       .2      8.8      3.8     43.4    205.8    322.7    299.0 
  1944   131.8    300.9    282.2     21.5     47.5    104.5     54.8    254.9    101.8    241.1    453.4     -9.9M
  1945    15.0     62.3    104.8     61.3     18.1     13.9     65.3     -9.9M    30.6    248.1    524.1    235.7 
  1946   214.2     14.1     65.2     37.5     44.0     53.1     78.3    185.3    116.3    296.9    452.1    773.6 
  1947   433.1    192.2     -9.9M   112.9     53.9       .2     62.9    167.2    177.0    309.0    178.5    738.0 
  1948   116.3      2.7     10.7     44.6     10.9      1.2      5.4     60.8      2.9    194.9    185.6    818.7 
  1949   190.6     34.9       .0    121.3     96.6       .0    138.6    144.1     85.9    104.6    326.3    813.9 
  1950    59.8    105.6     15.6     26.5    176.4       .0     16.1    152.8     56.7    135.9    441.7    218.6 
  1951   314.8     94.5     51.4     99.3     61.7      1.0     36.7     50.0     62.0    206.1    417.9    179.8 
  1952   466.0     45.8      3.3     63.9     60.1       .0    140.5     23.6     21.9    182.2    207.8    124.2 
  1953   282.4     67.6     20.9    106.2      1.3     58.4    138.2    150.4     87.7    206.2    204.9    215.8 
  1954   197.3     22.6    114.5     99.2     57.7     15.5     34.3    137.9     72.4    138.0    229.5    571.0 
  1955   325.7    160.9       .8    223.0    105.9       .0     51.1    125.0     79.1     58.0    133.2    283.6 
  1956    91.4     34.8      8.4     21.4       .0     43.2     96.1    183.2    151.3    252.7    324.2    231.5 
  1957   160.7     98.6       .0       .0     53.4       .5     53.1     49.8     63.0    335.8    953.6    757.5 
  1958   132.4     50.8     37.5     90.5     85.1       .0     31.0    154.2    208.9    385.7    263.5    273.0 
  1959   150.1      4.1      1.5     67.1     68.5     98.1     10.9     57.3     80.9    305.2    484.8    143.8 
  1960   461.6    307.1     59.5     66.2     56.8      3.3    169.0      7.1    141.2     81.2    244.0    114.7 
  1961   276.5     84.9     38.7     71.9     94.2      2.5    109.4     58.4     66.3    124.7    589.2    549.7 
  1962   318.0     90.0     44.7     14.8     73.9       .0     10.7     91.7     51.3    347.5    277.6     -9.9M
  1963    -9.9M   188.8    159.6     50.6     60.2     59.9    120.8    125.0    138.9    162.9    523.7    329.3 
  1964    72.0     37.7     82.9     23.9      7.2       .0    155.3    125.7     15.0    148.9    150.8    217.0 
  1965    33.9    551.5     95.5     77.1     59.3       .0      2.3    328.6    109.9    301.1    404.9    444.1 
  1966   126.0     32.5    189.8     54.7     10.7       .0      4.1     50.4     47.7    404.3    274.5    392.5 
  1967    52.5    140.1     25.8     28.1      5.9     31.2     70.1     48.6     78.1    304.0    403.7    436.2 
  1968    81.1       .3    177.2     74.0      4.2      2.4       .0     26.4     73.5    173.8     -9.9M    -9.9M
  1969    80.4    106.9       .0     33.8     16.7       .0      6.1     85.2     25.9    418.8    348.6    638.8 
  1970   159.4     78.2     49.3     85.7     66.7     29.4      1.0    279.2     31.3    255.8    539.6    278.1 
  1971   276.3     71.4     14.0     13.2     18.7      4.6    219.3    136.8    272.6    145.5    135.5    797.0 
  1972    30.2     15.5      2.8      5.4    119.2     94.6    147.0     26.5    165.9    565.7    452.0    260.0 
  1973      .8     11.2     30.0      9.9    110.9    181.1     13.2    108.9     54.6    435.3     54.5    683.8 
  1974    11.8     64.1      6.4     61.9     96.6       .0     51.0     51.8    210.8     26.2    113.3    395.4 
  1975    96.6     60.9     46.6     18.3     36.9     28.5     37.9     73.4     31.0    115.7    412.6    316.9 
  1976    17.5      9.4      9.7     34.6     28.4     25.4     50.0     98.9     96.4    175.2    264.8    400.7 
  1977    48.1    157.8     57.6     44.5     -9.9M    54.6    175.2     12.6    156.9    209.9    376.0    343.9 
  1978   102.5     25.2    108.1     53.2     34.0     12.6     18.8       .0    104.0    257.5    493.5    255.2 
  1979    41.5     50.2     63.3     12.7     38.0      3.6     53.1     43.1    158.9    221.4    530.2    257.0 
  1980     1.4       .0      3.0    152.2     26.2       .0     28.0     42.6     38.1     97.2    215.5    161.1 
  1981    23.9    138.0      1.6    126.8    185.9     54.6     86.4     19.2    134.6    214.9    235.3    180.8 
  1982    13.1       .0     31.5     29.2      6.8     31.7      1.8     16.7    105.0    170.4    568.3    498.5 
  1983    52.1       .0       .0      1.9     40.5     61.2     69.6     62.9     17.0    103.3    283.6    613.7 
  1984   468.8    719.9     73.7     90.6     72.1       .0    133.2    120.7    198.1     83.4    461.4    150.5 
  1985   177.6    104.2     50.0     44.3       .0      3.4     94.7     79.1     73.7    132.0    278.9    203.1 
  1986   235.6     93.3    126.2    102.4     38.0       .0     -9.9M    -9.9M   133.3    317.6    177.1    198.4 
  1987   311.7     13.8     10.5     11.8     99.2      9.6       .0      1.2     -9.9M    -9.9M    -9.9M   110.0 
  1988    13.2     -9.9M    -9.9M    -9.9M     4.4     19.6     -9.9M   204.6     -9.9M    84.3    350.7     -9.9M
  1989    27.9     28.2     23.3     30.0     39.6     32.3    184.6    215.5    230.5     84.2    259.8    146.5 
  1990   153.9     25.6     69.3     25.5     90.4     -9.9M    -9.9M   111.2    120.8    214.2    191.6    386.1 
  1991   292.5     54.8    148.9     12.1     14.7      1.6     39.7     86.4     58.6    264.8    193.5    120.3 
  1992    55.7     -9.9M      .0      4.5     99.2     29.9     21.1     72.4    309.4     85.2    506.0    415.1 
  1993     5.9     88.1      5.4     22.4    104.2     66.1     61.1     75.4     19.6    159.8    622.9    713.1 
  1994   121.9    234.0     20.3     16.5     96.5       .0     38.5      1.0    205.2    125.0    912.8    202.1 
  1995   417.0     11.7       .4     66.7     42.8      1.8     89.1     94.0    151.8    203.3     -9.9M   117.3 
  1996    52.5    100.5       .0     32.1     62.6    157.9     20.8    169.7     85.3    190.7    467.6    119.7 
  1997     7.9      1.3     51.0      9.3     61.2     14.0    133.3    162.7    139.0    204.5    486.6    346.9 
  1998   108.8      4.6       .0      1.0     82.6       .8     67.2     18.2    111.3     41.9    119.6    573.4 
  1999   332.6    164.3       .0    104.7       .1     49.9      6.9     29.5    360.4    379.0    201.6    211.0 
  2000   282.9    143.7     13.1     32.2     42.3     48.2     20.0     12.2     95.4     98.3    304.6    308.0 
  2001   182.3     14.8       .0    135.1      6.7     88.5    108.4     16.6     89.0    169.1    162.3    458.6 
  2002    98.7     30.4     14.0      5.1     64.3     37.5     11.6      2.1     71.2    367.8    459.1    562.7 
  2003   215.3    140.0     61.6     14.9     43.3     11.7     66.4     11.2    138.9     61.3    602.4     57.8 
  2004    46.8     28.3      7.3     30.7    165.3       .0    139.2    114.9    158.2    500.3    274.4    460.7 
  2005   280.3       .0     15.0    211.7     68.1       .0     17.8     85.7      6.0    235.2    731.8    140.0 
  2006   135.1I    12.8     25.9     37.2I      .0I     4.3     34.6     -9.9M    -9.9M    -9.9M    -9.9M    -9.9M
  2007    -9.9M    45.1      7.4    136.2    107.3     11.0     27.9    122.6      5.6    309.6    103.1    294.5 
  2008   133.5    150.9    345.6     28.7       .0     68.5     27.5    148.9     14.5    104.9    508.2    313.3 
  2009   171.1       .0    254.4    203.3     17.2      3.6     15.8     58.2      1.1    133.0    400.8    630.4 
  2010    48.4      3.8      2.6      2.0     42.2     19.0     23.2     96.3    197.3     71.1    291.9    621.5 
  2011   817.0    481.5     -9.9M    -9.9M    -9.9M    -9.9M    -9.9M    -9.9M    -9.9M    -9.9M    -9.9M    -9.9M
 
 
 
 
