



                              STATION NAME : WOODSIDE ESTATE         
                              LAT:  7.27N    LON: 80.83E    ELEV:  950.0M
                              ELEMENT : Precip,Total Mly in Millimeters         
                              Missing data values are coded as -9.9M 
 
  YEAR     JAN      FEB      MAR      APR      MAY      JUN      JUL      AUG      SEP      OCT      NOV      DEC
 
  1897    -9.9M    -9.9M    -9.9M    -9.9M    -9.9M    -9.9M    -9.9M    -9.9M    -9.9M   202.5     -9.9M    -9.9M
  1898   246.9     36.3     -9.9M   152.5     68.2     83.6     92.3     53.6    136.6    494.9    272.3    371.7 
  1899   670.8      5.0    166.7    515.6    105.3    198.6     63.5     31.7    220.8    775.4    349.8    386.2 
  1900   235.2      9.9      8.2    125.4    117.5    112.3    154.6    105.0    114.9    347.8    525.8    321.8 
  1901   144.2    187.7    107.8    427.1    139.7    141.4     55.3     50.6     81.4    188.1    460.5    342.3 
  1902   218.1    227.9    101.5     89.9     78.8     20.6    101.8     51.3    151.5    493.9    554.0    247.8 
  1903   390.8    247.8       .0     99.6     90.2     39.9    179.0    113.2    220.9    288.7    140.1    188.2 
  1904   825.6     74.3     67.7    162.7    132.1    253.8    150.5     41.9    140.8    355.3    242.0    596.6 
  1905   322.7     30.6     49.5    269.3    161.8    201.9     50.1     10.5    169.6    209.7    335.4    293.4 
  1906   202.1      2.2     45.0     49.8     60.1    103.4    180.8    123.2     84.8    655.4    380.4    392.0 
  1907   104.6     58.1    125.2    291.8    138.7    156.6    159.6     82.2     40.4    508.6    410.2     82.1 
  1908   367.4    146.8     91.4     85.0     45.9     64.3     50.3     21.1    227.2    166.9    124.9    621.7 
  1909   241.2    109.6    268.4    175.6     31.9     93.3    131.9     73.0     90.6    269.7    197.6    291.9 
  1910   290.3    142.4     12.2    157.8     26.5     83.9    237.5    116.6     54.1    219.7    601.4    626.5 
  1911   301.5     61.0     79.4      9.5     10.8    155.7     82.2     45.9     77.1    406.3    736.8    748.7 
  1912   105.5     39.7     35.8     81.9    188.0     69.0     71.0     86.2     63.8    234.1    295.1    523.9 
  1913  1227.2    271.6     59.4    147.6     29.1     52.7     57.8     42.9     13.9    596.1    227.6    586.1 
  1914   268.2     60.5    111.7     86.8     50.1    104.9     62.9     49.4    165.2    371.1    482.9    580.8 
  1915   445.9    167.2    247.2    123.4     46.9     83.9    200.5     83.6    131.8    139.7    260.8    256.4 
  1916   132.9     20.3    102.7    100.5    123.6    134.2     97.4    130.8    181.6    178.6    307.3    154.5 
  1917   676.3    388.1    363.4     61.6     48.9     99.7     75.9     94.6    160.0    197.3    324.3    138.6 
  1918   359.4     26.4    111.1     64.6    139.5     37.4     95.6    100.0     63.1    363.5    645.1    461.2 
  1919   411.7      8.1    125.4    116.5    135.0     88.1     85.9     42.1    243.9    272.3    346.5    330.0 
  1920   234.2     98.2     97.7    208.2     84.7    198.9     77.4     20.7     22.1    169.1    558.1    313.0 
  1921   413.9      3.5     35.8    272.8      9.0     36.6     70.1    127.2     92.3    402.1    333.0    496.2 
  1922   204.9    104.2     39.6    320.8     23.4     86.1     92.2     39.9     38.6    737.4    262.7    268.7 
  1923   559.9     15.9    106.6     57.3     89.7    206.1     89.9     83.5    161.2    353.9    285.9    781.3 
  1924   208.8    131.1    184.7     48.3    106.5     44.7    128.6     98.5    193.5    211.9    195.5    269.1 
  1925   540.1    145.7    256.5    286.3    166.2     67.5     47.2     74.3    122.2    403.2    449.1     -9.9M
  1926   190.8     10.5     73.3    132.3    195.8     44.5    106.8     56.9    107.9     87.7    254.0    308.9 
  1927   579.2    106.7    285.3    106.7    225.4     76.5     96.8    141.7    222.4    175.7    291.8    246.5 
  1928   364.0    130.4     79.0    288.6    100.0     54.5    245.6     99.0      5.4    261.7    511.6    280.3 
  1929    69.9     73.2    116.0    259.3    142.4    102.4    109.3     18.3    138.0     52.4    266.3    391.5 
  1930   372.2     53.9     56.9    168.0    223.9    152.0     10.7     26.8     70.5    524.1    258.3     95.4 
  1931   602.9    105.0     52.7    296.2     32.3    100.7     13.3    182.8     92.0    201.9    575.1    475.6 
  1932   205.4     94.9    106.9    210.1    150.4     62.9     79.3     89.5     47.2    381.4    459.9    257.4 
  1933   991.0    155.2    156.3     97.2    452.9     88.3    433.5    241.8    123.9    180.0    403.5    166.2 
  1934   471.7    172.1    257.9    105.9     64.7    125.4     50.9     10.7      1.9    229.0    145.2    275.3 
  1935   254.4    134.9    112.1     73.8     38.4     42.6     49.4    110.7    210.7    295.1    510.4    449.5 
  1936   392.9    147.1    271.2     17.0    253.5     46.0     86.2     30.8    279.9    177.9    223.0    604.5 
  1937   583.7    194.1    134.8    264.7     40.2     29.4    142.8    157.7    220.8    222.8    283.4    128.8 
  1938   410.3    368.7    187.2    443.8     17.4     88.0    113.9     22.1    171.2    108.5    192.3    480.5 
  1939   232.0     54.2     36.7    475.6    100.1     78.0     82.4    142.9     44.6    297.1    442.9    429.5 
  1940    36.1    222.3     32.9    239.4    677.1     67.4     11.3     22.7     90.2    399.4    261.0    378.5 
  1941   338.1    202.1     99.8    135.4    406.4     94.7     75.6    116.3    194.1    399.2    408.6    383.4 
  1942   291.9    193.6    198.9    238.0     60.8    126.5    108.8    149.1    131.1    297.1    199.7    573.6 
  1943   213.0    250.7    118.3    368.3    375.2    133.2     95.2     36.0     98.3    265.6    257.9    393.9 
  1944   412.1    371.8    272.7    246.3    179.7     60.9     24.4     15.7    234.4    286.8    460.4    284.5 
  1945    21.0     10.9    198.1    165.1     66.7     95.6     57.3     69.0      4.2    306.0    495.1    295.8 
  1946   178.7    265.1    320.6    218.5     12.8     84.2     65.6     87.0    184.6    359.2    406.6    532.6 
  1947   567.9     49.1    199.0    151.1    285.2     60.4     32.8    357.8     42.2    209.7    163.7    325.4 
  1948   249.8      6.5    121.3    160.6     91.0     74.9    105.6      7.7     30.9    283.4    277.3    776.2 
  1949   373.5     69.7     66.5    223.6     59.6     89.9    185.0    132.1     44.4     93.8    342.9    534.0 
  1950   295.9    132.8    196.0    142.6    186.7     63.4    121.4     43.0    137.4    172.0     78.3    213.8 
  1951   970.4    173.1    115.7    195.4    105.4    277.1    110.9     36.0    258.8    172.2    344.4    701.1 
  1952   686.4    236.4    201.7    302.0    327.9     30.2     26.5     29.4     96.1    177.6    220.6    307.9 
  1953   279.1    217.1    137.4    306.9       .0     60.5    187.2      7.7     74.9    269.8    331.6    458.0 
  1954   398.0    298.3    228.3    211.9     32.9      9.0     39.4    192.1     21.0    486.9    217.8    799.4 
  1955   681.7    297.8    153.6    186.8    106.4    113.8     39.7     66.4    158.6    160.5    174.1    177.8 
  1956   150.1     25.8     44.8     99.8     50.2    228.9     14.0     24.5     47.3    283.5    625.8    494.3 
  1957   270.5    356.6     65.9    151.0    243.2    104.2    176.1     15.3     83.9    220.0    795.9   1297.5 
  1958   337.2    111.0    236.0    216.6    219.3     92.3     22.5    113.3     43.7    416.0    439.3    315.2 
  1959   157.9     52.7     24.6    190.9     74.2    295.8    156.9     88.7    125.7    481.1    442.6    335.7 
  1960   431.2    693.9     45.0    181.5    115.0     49.1    206.4     51.8    201.6    251.3    455.7    184.7 
  1961   273.6    219.5    150.8    142.9    139.4     35.0     86.3    104.8     74.1    239.9    456.7    511.8 
  1962   315.5    197.0    166.5    289.2    232.0     17.9     90.1    112.6    113.6    264.4    338.1    330.4 
  1963   348.1    236.5     52.9    248.4    192.5     73.9    104.8     32.9    207.4    304.9    484.2    470.1 
  1964   428.6    513.2    189.6     77.6     90.4     31.7    136.1     80.4     78.6    160.1    294.3    362.6 
  1965   215.9    451.9    103.6    296.0    229.0     32.3     26.6    241.3     32.1    290.5    474.0    403.8 
  1966   260.6     79.2    158.6    296.1      4.8     60.9     16.0     62.2    280.4    244.4    405.6    256.3 
  1967   133.6    251.2     85.7    303.4      3.4     80.1     53.0     26.2    124.9    335.6    659.4    431.4 
  1968   167.0     -9.9M   212.6     70.3     42.4     -9.9M    -9.9M    -9.9M    -9.9M    -9.9M    -9.9M    -9.9M
  1971    -9.9M    -9.9M    -9.9M    -9.9M    -9.9M    -9.9M    -9.9M    -9.9M   338.3     -9.9M   233.0    932.6 
  1972   121.8     35.4     21.5    256.0    517.5     37.9    116.6     35.4    138.2    709.3     -9.9M    -9.9M
  1975    -9.9M    -9.9M    -9.9M    -9.9M    -9.9M    -9.9M    -9.9M    98.4     -9.9M    -9.9M    -9.9M    -9.9M
  1976   342.7     18.2     46.3    130.2       .0      8.6     84.7     84.7     15.2    262.9    461.4    175.2 
  1977      .0     62.7     68.1    175.6    187.5     33.5     85.1     35.1     65.0    507.1    319.5    220.5 
  1978      .0     85.3     80.5     62.4    147.7      6.1    110.9     40.4     59.8    385.9    415.2    425.5 
  1979   108.7     47.5     44.9     83.2    101.4     99.6     54.5     34.8    219.1    307.0    307.0    201.1 
  1980    43.2       .0     50.8    232.8     93.3     36.6     31.5     50.3     91.0    274.3    484.4    180.0 
  1981   156.9     60.8    118.0    235.8    126.3     31.9    156.5     24.0    265.1    221.7    362.4    154.1 
  1982      .0       .0    126.4    143.2    193.3     -9.9M    98.0     41.4     56.2    335.3    494.8    474.5 
  1983    -9.9M      .0     10.2     10.2    206.1     13.7     11.2     52.6     41.8    205.7    180.5    347.6 
  1984   274.8    255.6    123.3    180.6     50.3     27.4    145.9     38.8    284.7     59.5    281.0    252.0 
  1985   256.6    114.6    209.4     73.6    102.4    156.2     71.5     92.8    230.1    250.7    197.4    321.5 
  1986    -9.9M   185.9    309.1    139.8     62.5    115.8     35.3     53.7     56.1    699.1    109.7    242.7 
  1987    65.3     29.2     35.5     66.8    134.8     10.1     22.4     20.9    252.1    302.7     74.6     74.6 
  1988    29.4     13.5     59.7    234.0     13.7      1.3     59.1     39.6    124.6    165.4    290.9    118.7 
  1989   337.4     38.1     82.3    203.5     81.7     62.8    104.7      4.3    108.0    389.7    227.0    134.7 
  1990   325.6    149.6    167.9     74.9    144.7     38.3     23.2     40.9    132.2    244.5    227.0    660.8 
  1991   388.1     25.7    109.0    118.7    124.9     68.7     46.9     30.8     80.8    268.9    302.5    478.9 
  1992   117.9     -9.9M      .0     48.8    128.7     59.7    183.2     35.6    368.0    114.8    673.3    197.3 
  1993    83.6     50.2    119.8     50.9    183.4    179.5     94.4     13.0     10.2    411.1    434.1    578.2 
  1994   423.9    294.9     91.9    209.8     31.5     15.8     25.0      8.9    239.1    414.9    634.3    241.3 
  1995   235.7    244.2     16.5    446.4    258.8     27.2     22.8     48.0     32.0    337.4    168.4    201.5 
  1996   230.0    214.7      8.1    270.1      3.3     90.3     86.0     68.6     78.3    262.5    198.0    128.8 
  1997      .0     91.4    114.3    515.8    208.4    227.2     46.9      4.1    168.6    715.5    683.9    484.4 
  1998   320.0     62.3     43.2     39.5     96.5     47.0    157.3    108.6    124.6     67.3    156.3    437.1 
  1999   593.6    249.1     60.9    116.0     63.1     74.2     14.0     35.6    225.7    461.7    256.5    226.0 
  2000   242.6    301.0     80.0    121.8     43.2     29.3     52.7    193.0    109.2    102.2    466.0    366.5 
  2001   397.6    122.6       .0    451.0     10.2     50.8     49.5       .0    294.5    261.5    188.0    232.4 
  2002   387.3     67.2     18.5    283.9    204.5     43.0     22.1     26.6     20.3    268.3    345.0    216.6 
  2003   217.3     86.0    118.5    161.0     62.0     26.0     49.5     30.5    116.5     -9.9M    -9.9M    -9.9M
  2004      .0       .0     42.5     -9.9M    -9.9M    13.0     17.0     17.5     46.0     -9.9M    -9.9M    -9.9M
  2005     2.2      2.2      1.1      3.5       .6      1.6      7.6     22.8      1.3     29.2     15.2     28.2 
  2006    43.1     11.2    168.7    278.0     -9.9M     4.8     22.3       .0     18.8    243.2    482.0     -9.9M
  2007    -9.9M      .0     26.0    111.8     -9.9M    -9.9M    -9.9M      .0     -9.9M    -9.9M   155.0    214.0 
  2008   105.3    152.0    224.0    147.7     -9.9M     8.5     41.4     57.2      8.2    163.6    231.7    183.4 
  2009    22.2     15.2     70.1     73.7    111.6     17.6       .0    210.3     67.7    195.0    209.6    292.9 
  2010    53.5     61.6     97.7    110.6    123.9     68.4    137.6    160.6    183.6    258.4    672.3    377.2 
  2011   501.6    316.8     83.6    273.4     47.6     -9.9M    -9.9M    -9.9M    -9.9M    -9.9M    -9.9M    -9.9M
