



                              STATION NAME : ANURADHAPURA (METEO)    
                              LAT:  8.35N    LON: 80.38E    ELEV:   92.5M
                              ELEMENT : Temp mean mly    in Degrees C           
                              Missing data values are coded as -9.9M 
 
  YEAR     JAN      FEB      MAR      APR      MAY      JUN      JUL      AUG      SEP      OCT      NOV      DEC
 
  1870    -9.9M    -9.9M    -9.9M    -9.9M    28.2I    27.9     28.3     27.4     27.5     -9.9M    26.0     24.6 
  1871    24.5I    24.8I    26.2     27.4     27.7     28.1     28.0     -9.9M    28.3I    27.4     25.6     24.7 
  1872    24.2     24.9     26.8     27.2     27.5I    27.3I    28.6     28.4     27.0     27.0     25.7     24.9 
  1873    24.2     25.1     27.1     27.6     28.2     28.4     28.6I    28.1     28.8     27.5     25.7     25.1I
  1874    24.2     25.4     27.0I    28.2     27.2     28.6     29.1     29.2     28.1     27.6     26.2     24.7I
  1875    24.3     25.2     27.8     27.9I    28.2     27.2     28.1     28.4     28.8     26.7     25.8     24.5 
  1876    24.3     24.7     27.8     28.6     28.0     28.8     29.1     28.7     29.0     27.2     25.1I    24.6I
  1877    25.0     26.8     27.9     28.6     27.9     27.8     28.9     29.3     28.9     27.4     26.3     26.1 
  1878    25.8     26.7     28.5     28.9     28.3     28.0     27.8     28.2I    27.8I    27.7     26.2     25.4 
  1879    24.9     26.4     27.6     29.0     28.3     28.2     27.9     28.2     27.6I    27.1     26.4     25.2 
  1880    24.1     25.9     27.3     28.4     28.9     29.0     28.8     28.6     28.8     27.6     26.3     25.1 
  1881    24.2     25.6     27.7     28.8I    28.9     29.4     29.6     29.3I    29.4     28.7     26.2     25.4 
  1882    25.1     25.9     27.3     28.5     28.7     28.5     27.8     28.0     28.5     27.3     26.8     -9.9M
  1883    24.6     24.1     26.8     28.3I    28.0I    28.0     27.9I    27.9I    28.3I    27.0     25.4I    24.9I
  1884    24.8I    -9.9M    27.6I    28.4I    28.3     29.2I    29.0I    28.7     28.3     26.5     25.0     24.6 
  1885    24.2I    25.1     26.8     27.3     27.8     -9.9M    27.2     28.4I    29.3     27.0     25.9     25.4I
  1886    24.5     -9.9M    27.1     -9.9M    27.9     -9.9M    -9.9M    -9.9M    -9.9M    27.9     26.0     24.6 
  1887    24.8I    25.1     27.2     28.3     28.3I    28.4I    28.8I    29.3     29.7     27.2I    26.4     25.4I
  1888    24.8     26.1     29.2     29.7     28.8     28.0     28.9     29.2     29.0     27.9     26.6     25.0 
  1889    25.0     26.4     28.8     29.1     28.9     28.6     28.9     28.6     27.6     26.8     26.2     25.3 
  1890    24.1     25.5     28.7     28.6     29.0     28.8     28.5     28.7     28.9     28.0     26.5     24.9 
  1891    24.6     26.2     27.9     28.6     28.0     27.6     28.1     28.9     29.5     27.1     26.2     26.0 
  1892    24.8     26.4     27.8     28.6     29.4     29.2     28.2     27.8     28.2     27.1     26.2     24.7 
  1893    24.7     25.6     26.4     28.2     29.0     28.7     27.5     27.2     27.2     26.5     25.0     24.0 
  1894    24.1I    25.9     28.0     28.2I    29.2     29.4     28.8     28.8     28.4     27.4     26.0     24.6 
  1895    24.4     25.7     28.5     28.4     29.2     29.1     28.6     28.8I    28.6     27.0     26.1     24.7I
  1896    24.6     25.7     27.8     29.2     28.4     28.0     27.9     28.2     28.9     27.2     26.6     25.6 
  1897    25.3     26.6I    28.6     28.5     29.3I    28.1     28.4     28.7     27.6     27.2     26.1     24.5 
  1898    23.9     -9.9M    27.2     28.8     29.5     28.7     29.3     29.2     29.2     27.2     25.9     25.2 
  1899    24.6     25.6     27.5     28.1     28.2     28.0     28.7     28.7     28.5     27.6     25.9     24.7 
  1900    25.5     27.2I    28.9     29.5     29.2     29.0     28.7     29.3     28.6     28.4     26.7     26.0 
  1901    26.1I    -9.9M    27.4     28.9     28.8     28.5     29.0     29.5     29.2     27.0     25.3     24.8 
  1902    27.0     -9.9M    -9.9M    29.5     29.6     29.4     29.2     29.9     29.7     28.6     -9.9M    -9.9M
  1903    27.9I    -9.9M    27.4I    29.5     27.8     28.4     28.3     27.9     27.5     27.3     25.6     25.1 
  1904    24.4     24.9     27.2     28.8     28.9     28.1     27.9     28.2     28.6     27.4     26.0     24.1 
  1905    24.9     26.1     28.3     27.7     28.1     28.3     29.0I    29.5I    29.9     27.8     26.5     25.1 
  1906    25.1I    27.2     28.7     29.6     29.0     28.3     28.9     27.6     28.0     26.8     25.8     25.5 
  1907    24.8     25.6     27.1     27.8     28.4     27.7     27.7     28.0     29.0     27.1     25.8     24.6 
  1908    24.9     25.2     27.1     29.0     28.6     28.6     29.0     29.5     28.1     27.3     25.0     24.2 
  1909    25.2     25.4     27.2     28.1     28.2     28.3     28.6     28.5     27.9     27.6     26.3     25.5 
  1910    24.8     25.8     28.0     28.8     28.9I    29.2     27.9     27.7     28.1     28.0     25.4     23.8 
  1911    24.3     24.4     28.2     29.2     30.2     28.5     28.7     29.1     29.2     27.1     26.2     25.6 
  1912    24.2     26.3     28.6     28.9I    29.1     27.6     28.4     28.8     29.1     27.6     26.1     24.8 
  1913    24.2     25.9     28.0     29.6     29.2     29.2     28.1     28.8     29.2     27.8I    -9.9M    25.2 
  1914    24.8     25.7     28.4     -9.9M    29.4     29.9     29.7     29.7     29.8     27.5     27.0     26.2 
  1915    25.9     27.8     29.3     -9.9M    29.2     29.4     28.5     29.5     29.5     29.3     26.7     25.3 
  1916    23.7     26.3     28.7     29.5     28.8     28.3     27.9     28.5     27.7     27.3     26.2     24.4 
  1917    23.9     25.5     27.0     28.9     28.5     28.3     28.4     28.3     27.6     26.6     26.1     25.0 
  1918    24.6     24.5     27.7     28.8I    28.0     28.3     29.2     28.9     28.8     27.5     26.6     24.8I
  1919    25.7     26.0     27.5     29.5     28.3     27.7     28.1     28.4     27.7     27.3     26.0     25.1 
  1920    25.2     25.9     27.7     27.9     28.2     27.5     27.8     28.2     28.4     27.1     25.6     24.5 
  1921    25.0     24.7     27.7     28.1     29.1     28.9     28.1     28.6     27.8     27.0     25.6     24.6 
  1922    24.8     25.4     28.1     28.9     28.9     29.0     28.6     28.9     29.0     27.4     25.6     24.5I
  1923    24.6I    26.0     27.3     28.8     28.8     28.3     27.9     28.2     28.3     27.5     25.8     24.7 
  1924    24.6     25.8     27.0     28.9I    28.4I    27.8     28.1     28.7     28.1     27.3     26.3     24.9I
  1925    24.3     25.3I    26.9     28.5     28.3     28.2I    28.6     28.7     28.9     27.5     26.0I    25.4 
  1926    24.7     25.4     28.4     29.9I    28.6     28.7     28.1I    28.9     27.9     27.5     25.7     25.0 
  1927    24.7I    26.1     26.8     28.1     27.7     28.0     28.5     28.4     28.1     27.6     25.5I    25.0 
  1928    24.9     24.8     27.3     28.2     29.1     29.3     27.6I    28.3     29.2     27.5     26.2     25.2 
  1929    24.9     25.6     27.1     27.9     28.3     27.6     28.2     28.6     28.4     27.0     25.9     24.5 
  1930    24.4     25.7     27.3     28.3     27.8     28.1     28.8     28.7I    27.6     26.7     26.3     24.9 
  1931    24.1     25.7     28.0     28.8     28.5     28.9     28.5     29.0     28.6     28.4     26.5     25.1 
  1932    24.2     25.3     26.9     28.0     27.7     27.8     28.1     27.7     27.5     26.4     25.8     24.9 
  1933    24.7     25.8     27.3     28.4     27.3     27.4     27.7     27.5     26.8     26.3     25.6     24.5 
  1934    24.4     24.9     26.5     28.0     28.8     28.4     28.7     29.0     29.5     27.7     25.4     24.0 
  1935    24.7     25.2     27.5     28.3     29.1     29.0     29.1     28.9     28.7     27.5     25.6     24.3 
  1936    24.2     26.6     27.0     28.8     28.4     27.8I    28.7     28.9     28.3     27.1I    26.0     24.8 
  1937    24.6     26.3     27.2     28.1     29.2     29.0     29.0     29.2     28.5     27.4     25.6     24.1 
  1938    24.6     25.8     27.2     27.8     28.7     28.4     28.2     27.6     28.5     27.9     25.6     24.5 
  1939    23.8     24.0     27.0     27.7     27.8     27.8     27.9     27.4     28.4     27.6     25.8     24.7 
  1940    23.9     25.7     28.6     28.4     27.8     28.6     28.7     28.6     29.3     27.2     26.4     25.7 
  1951    24.3     24.4     27.6     28.2     29.0     27.9     28.1     29.4     28.5     27.7     26.6     25.2 
  1952    24.8     26.3     27.5     28.6     29.1     29.4     28.8     29.2     29.6     27.1     25.8     25.1 
  1953    24.5     25.1     28.3     28.5     30.1     30.2     27.9     28.9     28.3     27.2     25.5     24.9 
  1954    25.2     26.2     27.0     27.8     28.2     28.6     28.0     28.2     28.8     27.2     25.3     25.3 
  1955    24.8     25.6     27.7     27.9     27.3     27.4     28.0     27.7     27.5     26.9     25.7     24.4 
  1956    24.5     25.4     26.9     29.2     29.4     28.4     29.0     28.8     28.9     27.8     26.2     24.8 
  1957    24.3     25.3     27.2     29.1     28.2     27.9     28.8     28.9     29.5     28.1     26.4     25.2 
  1958    25.5     26.6     28.0     28.7     28.4     28.7     29.1     27.8     29.5     27.8     26.3     25.3 
  1959    25.2     26.5     28.1     28.5     28.2     27.7     28.2     29.1     28.9     27.9     26.1     25.3 
  1960    25.4     25.1     27.4     28.3     27.5     28.8     27.7     28.4     28.7     28.3     25.8     25.3 
  1961    25.2     25.6     27.7     29.1     28.1     27.7     27.7     28.9I    28.7     28.4     26.2     24.9 
  1962    24.8     26.2     27.4     28.5     28.1     28.0     28.5     29.0     28.5     26.7     25.9     25.4 
  1963    24.7I    25.5     27.4     28.5     28.8     28.6     28.3     29.2     28.9     27.4     25.9     25.3 
  1964    25.1I    26.5     27.8     29.1     29.1     29.1     28.5     28.2     27.7     27.1     25.8     24.8 
  1965    24.8     25.9     27.8     28.2     27.9     28.5     29.0     27.7     28.4     27.5     26.3     25.6 
  1966    25.8     26.8     28.2     28.8     28.8     28.8     28.9     29.0     28.4     26.7     26.7     25.5 
  1967    25.1     25.4     27.8     29.1     28.9     28.9     28.9     29.1     29.0     27.6     26.0     25.4 
  1968    25.3     26.2     28.0     28.7     29.0     28.6     28.4     29.2     28.6     27.9     26.1I    -9.9M
  1969    24.8     26.1     29.0     29.4     28.8     29.1     29.0     28.7     29.0     27.1     26.5     25.6 
  1970    25.6     26.3     27.9     28.9     28.5     28.7     28.5     28.9     28.3     27.3     26.1     24.1 
  1971    24.9     25.6     24.4     28.5I    28.2     27.9     28.3     28.0     27.8     27.1     25.7     24.3 
  1972    24.6     25.8     27.9     29.4     27.2     28.7     28.8     28.8     28.9     27.0     26.6     26.2 
  1973    25.3     27.5     29.1     29.9     29.4     29.2     29.1     27.6     28.4     28.0     26.3     24.7 
  1974    24.1     25.7     28.0     28.3     28.3I    28.4     28.5     28.7     28.0     28.0     26.9     25.0 
  1975    24.4     26.6     27.8     28.8     28.8     28.2     27.8     28.2     27.8     27.3     25.6     24.0 
  1976    24.1     25.6     28.5     28.5     29.0     29.6     29.4I    29.2     29.5     28.0     26.9     25.7 
  1977    24.7     26.7     28.4     29.9     27.8I    28.5     28.4     28.8I    29.4     27.0     27.0     25.7 
  1978    25.3     27.1     28.4     29.3     28.5     28.8     28.2     28.2     28.8     28.4     26.1     26.1 
  1979    26.1     27.5     28.7     29.7     29.4     29.8I    29.3     29.4     28.0     27.9     26.6     26.3 
  1980    25.5     27.0     28.9     29.0     29.6     29.0I    29.5     29.4     29.3     27.7D    27.0     26.2 
  1981    25.6     26.7     29.8     29.3     29.4     28.6     28.9     28.9     27.7     27.7     26.9     25.6 
  1982    25.5     27.0I    29.2     29.5     28.7     28.5     28.9     29.5     29.4     27.9     26.9     25.4 
  1983    25.7     28.1     30.2     31.4     29.6     29.7     30.0     30.0     28.9     29.0     26.9     26.3 
  1984    26.4     26.2     28.3     28.6     29.7     29.0     27.8     28.8     28.4     27.4     26.5     25.8 
  1985    26.3     26.9     28.9     30.0     29.5     28.1     28.5     29.0     28.8     28.0     26.2     26.1 
  1986    25.5     26.9     28.0I    29.7     29.1     29.5     29.4     28.9     28.9     28.2     26.6     26.6 
  1987    25.8     26.7     29.6     29.9     29.5     29.7     29.7     29.5     29.7     27.9     27.4     26.6I
  1988    26.2     27.8     30.2     29.0     29.5     28.8     28.7     28.6     27.9     28.8     -9.9M    -9.9M
  1989    26.2     26.8     28.8     30.4     29.7     28.3     28.2I    29.2I    28.7     28.2     26.9     26.3 
  1990    25.3     28.2     29.1     30.1     28.7     29.0     28.8     28.6     29.3     28.3     27.1     25.8 
  1991    26.1     26.8     29.5     29.5     30.1     28.2     28.8     29.4     29.9     27.8     26.6     26.1 
  1992    25.6     27.4     29.4     30.1     28.8     28.7     28.6     28.9     28.9     27.7     26.9     25.2 
  1993    25.6     27.4     29.0     29.5     29.4     29.2     28.6     29.1     29.5     27.7     26.5     25.5 
  1994    26.0     26.8     28.5     29.4     29.8     29.0     29.0     29.0     29.2     27.2     26.4     25.9 
  1995    26.2     27.2     29.2     29.2     29.0     29.2     29.3     29.3     29.8I    29.1     27.0     26.3 
  1996    26.6     27.3     29.4     29.0     29.9I    28.3I    28.9I    29.1I    28.2     27.8     27.1     25.8 
  1997    26.5     27.4     29.8     29.5     29.2     29.7     29.8     30.0     29.2     28.7     27.9     27.6 
  1998    27.3     29.3     30.7     31.5     29.9     29.8     29.2     28.6     29.0     28.7     27.5     26.7 
  1999    25.8     27.4     29.1     28.5     28.8     28.7     29.1     29.3     29.6     27.4     27.0     25.9 
  2000    26.1     27.3     28.5     30.0     30.6     29.1     29.8     28.8     29.2     27.9     27.1     26.2 
  2001    26.0     26.9     29.5     29.5     29.8     28.2     29.0     29.2     29.4     28.7     27.2     26.4 
  2002    26.6     27.0     29.3     29.2     29.6     29.6     29.5     29.7     30.1     28.0     27.1     26.2 
  2003    26.0     27.5     29.0     29.8     29.5     29.6     29.5     29.2     29.9     28.2I    26.5     26.8 
  2004    26.7     27.3     29.3     29.8     28.4     28.6     29.2     30.1     29.1     27.9     26.7     25.9 
  2005    26.4     27.7     29.8     29.1     30.0     29.6     29.2     30.0     29.7     28.6     26.6     26.1 
  2006    25.6     26.9     28.8     29.3     29.4     29.7     29.6     29.6     29.3     28.5     27.7     26.2 
  2007    25.8     26.9     28.7     29.1     29.8     29.5     29.1     29.5     29.3     28.0     27.0     26.0 
  2008    26.1     27.1     27.6     28.7     29.5     29.4     29.1     29.1     29.1     28.1     27.0     26.0 
  2009    25.7     26.9     29.0     29.6     30.0     29.5     29.7     29.3     29.7     29.4     27.2     26.6 
  2010    26.5     27.8     29.9     30.4     29.7     29.8     29.6     28.8     28.6     28.1     27.2     25.5 
  2011    25.2     26.3     28.6     -9.9M    -9.9M    -9.9M    -9.9M    -9.9M    -9.9M    -9.9M    -9.9M    -9.9M
 
 
 
 
