



                              STATION NAME : BATTICALOA              
                              LAT:  7.72N    LON: 81.70E    ELEV:    7.8M
                              ELEMENT : Temp mean mly    in Degrees C           
                              Missing data values are coded as -9.9M 
 
  YEAR     JAN      FEB      MAR      APR      MAY      JUN      JUL      AUG      SEP      OCT      NOV      DEC
 
  1869    -9.9M    -9.9M    27.9     -9.9M    -9.9M    -9.9M    -9.9M    -9.9M    28.6     28.3     -9.9M    -9.9M
  1870    25.0I    25.7     27.2     -9.9M    -9.9M    29.0I    29.1I    28.2I    -9.9M    -9.9M    -9.9M    -9.9M
  1871    25.4     25.7     26.9     28.3     29.0     30.1     28.9     29.1     28.8     27.8     26.6I    26.0 
  1872    26.0     26.1     26.9     28.4     29.8     29.7I    29.5     28.5I    28.0     28.0I    26.6     26.0 
  1873    25.1     25.9     26.9     27.9     28.8     29.9     29.5I    28.9I    28.6I    27.7     26.4     26.4 
  1874    26.0     26.6     27.4     28.3     28.7I    28.8     28.7I    27.9     27.7     27.4     26.6     25.7 
  1875    25.3     25.7     27.1     28.3I    28.7     29.0     29.8     29.0     28.2     28.0     26.7     25.7 
  1876    25.9     25.5     27.3     28.8     28.6     29.0I    29.3     28.2     28.2     27.4     25.8     25.0 
  1877    25.9     26.1I    26.8     28.3     28.7     29.5     29.3     29.6I    28.2     27.6     26.7     26.7I
  1878    26.6     27.3     27.9     28.8     29.2     30.0     29.0     28.8     28.7     27.9I    27.3     25.9 
  1879    25.4     26.3     27.0     28.5     29.3I    29.4     28.2     28.1     28.6     27.5     26.7     25.6 
  1880    24.7     26.3     27.4     28.7     29.5     29.4I    29.7I    28.6     28.7     28.0     26.6     25.7I
  1881    25.4     26.4     27.1I    28.9I    29.8     29.8     29.4     29.0     28.1I    27.5     26.5     25.7 
  1882    25.8     26.0     27.5     28.7     29.1     29.4     29.1     28.4     29.2     27.6     26.6     25.5 
  1883    25.5     25.0     27.0     28.4     29.3     29.3     29.3     29.4     28.7     27.0     25.1     24.7 
  1884    24.6     24.9     26.4     28.2     28.6     28.7     28.6     29.2     28.4     26.6I    25.7     24.8 
  1885    25.3     25.5     26.9     28.0     28.6I    28.6     28.5     28.3     28.5     27.1     26.7     26.2 
  1886    26.0     26.1     27.6     28.8     29.2     28.8     28.8     28.2     28.2     28.1     26.4     24.8 
  1887    24.9     25.2     26.3     28.1     29.6     29.2     29.2     28.1     29.1     27.5     26.5     25.4 
  1888    25.2     25.7     27.2     28.9     28.9I    29.8     29.1     28.8     29.0     27.7     26.7     25.3 
  1889    25.7     26.2     27.4     28.5     29.5     29.6     28.9     28.9     28.2     27.8     26.4     25.8 
  1890    25.0     25.3     27.5     28.5     29.7     29.2     28.8     28.7     28.1     27.8     26.3     25.7 
  1891    -9.9M    -9.9M    -9.9M    -9.9M    29.3     29.6     29.3     29.7     28.9     26.9     26.6     26.2 
  1892    25.4     26.1     27.2     28.5     29.7     29.2     28.8     28.4     28.5     27.3     26.5     25.8 
  1893    25.4     25.3     26.2     27.7     28.9     28.5     28.3     29.0     28.8     27.4     26.3     25.5 
  1894    25.4     26.1     27.3     28.6     29.4     30.1     29.3     28.6     28.0     27.2     26.4     25.5 
  1895    25.3     25.7     26.8     28.2     29.0     29.9     29.6     28.6     29.0     27.2     26.6     25.5 
  1896    25.4     25.7     26.9     28.6     29.3     29.5     29.7     29.2     28.7     27.5     26.9     26.2 
  1897    26.2     26.6     27.9     28.4     29.6     29.6     29.5     29.8     28.6     28.9     26.6     25.2 
  1898    25.3     26.0     26.9     28.7     29.7     29.9     -9.9M    29.0I    27.7     26.7     25.2     24.8 
  1899    24.6     24.8     25.6     27.3     28.8     29.4     28.7     28.5     -9.9M    -9.9M    -9.9M    -9.9M
  1900    -9.9M    27.5I    29.4     -9.9M    -9.9M    29.4     29.0     28.9     27.3     26.8     25.8     -9.9M
  1901    -9.9M    26.2     26.2     27.9     28.5     28.6     28.8     29.0     28.9     27.6     26.1     25.1 
  1902    -9.9M    -9.9M    -9.9M    -9.9M    -9.9M    -9.9M    -9.9M    -9.9M    29.0     26.6I    -9.9M    -9.9M
  1903    25.8     26.0     26.3     28.1     28.2     29.4I    29.5     28.1     27.4     26.8     26.1     24.7 
  1904    24.7     24.5     25.4     27.4     28.3     28.9     27.9     28.5     28.6     26.8     25.6     24.6 
  1905    -9.9M    -9.9M    -9.9M    -9.9M    -9.9M    -9.9M    -9.9M    -9.9M    -9.9M    27.1I    26.2     25.6I
  1906    -9.9M    -9.9M    27.7     28.7     30.2     29.9     29.8     27.2     28.6     27.0     25.9     25.6 
  1907    25.1I    25.6     -9.9M    27.7     29.1     29.6     29.6     29.8     29.1     27.5     26.5     25.3 
  1908    25.5     -9.9M    26.5     28.7     29.3     29.9     29.5     29.0     28.2     -9.9M    -9.9M    -9.9M
  1909    25.2     25.5     26.8     28.8     29.4     30.0     29.8     28.6     28.6     28.0     27.2I    26.0 
  1910    25.7     26.2     27.2     28.3     29.9     30.4     28.2     28.3     28.5     27.7     -9.9M    25.1 
  1911    25.4     25.7     27.5     28.9     30.1     -9.9M    -9.9M    29.9     28.4     28.1     26.6     -9.9M
  1912    25.2     26.3     -9.9M    -9.9M    -9.9M    -9.9M    -9.9M    -9.9M    29.5     27.7     26.4     25.7 
  1913    -9.9M    26.5     27.5     28.6     29.5     30.6     29.9     29.1     29.0     27.5     26.0     25.3 
  1914    25.8     25.4     27.3     28.6     29.3     30.4     -9.9M    29.8I    29.1     27.7     26.3     25.6I
  1915    25.6     26.6     28.3     29.5     30.5I    31.0I    29.5     29.7     29.7     29.3     27.3I    25.7 
  1916    24.9     25.6     27.4     28.9     28.9     29.9     28.2     28.7     28.3     27.9     26.3     25.1 
  1917    24.8     25.5     26.5     28.2     28.5D    28.7     29.1     28.4     28.0     27.7     26.4     25.2 
  1918    25.0     24.4     26.9     28.1     29.3     29.3     28.9     29.4     28.9     27.5     27.3     25.6 
  1919    26.0     26.7     26.9     28.9     29.6I    29.8     28.7     29.5     28.5     27.7     26.8     25.6 
  1920    25.7     26.3     27.5     27.9     29.2     29.4     29.8     28.6     28.9     27.7     26.4     25.3 
  1921    25.9     25.3     27.3     28.3     30.3     30.0     29.5     29.0     29.1     27.5     26.0     25.7I
  1922    25.6     25.7     27.2     28.3     29.0     29.6     29.7     29.3     29.3     27.1     26.5     25.1 
  1923    25.2     26.1     27.3     28.9D    29.0     30.0     29.5     29.7     29.0     27.5     26.4     -9.9M
  1924    25.6     26.5     -9.9M    28.8     29.3     -9.9M    29.9     29.2     28.1     27.8I    26.5     25.5 
  1925    24.9     25.4     -9.9M    28.5     29.0     29.4     29.5     29.2     28.4     27.8     26.2     25.8 
  1926    25.6     26.2     27.9     29.3     29.2     30.2     29.8     29.7     29.0     28.2     26.0     25.7 
  1927    25.7     26.7     26.9     28.6     28.9     29.6     30.0     29.0     28.5     27.7     26.2     25.6 
  1928    26.0     26.0     27.0     28.5     29.9     -9.9M    29.0     29.4     29.0     27.5     26.3     25.9 
  1929    25.5     25.5     26.7     27.5     28.6     29.3     29.3     28.3     27.8     27.1     26.0     25.2 
  1930    25.0     25.9I    27.0     27.7     28.4     28.9     29.1     28.4     28.4     26.6     26.5     25.5 
  1931    25.1     26.2     26.9     28.0     28.6     29.6     28.5     29.7     28.2     27.9     26.2     25.6 
  1932    25.7     25.2     26.3     28.0     28.8     29.5     29.8     27.6     28.2     27.0     26.4I    25.4 
  1933    25.6     25.6     26.8     27.7     28.4     28.8     29.1     28.0     28.0     27.0I    26.2     24.9I
  1934    24.9     25.1     26.2I    27.6     28.3I    29.2I    28.8I    28.7     28.3     27.0     25.8     25.0 
  1935    25.4     25.6     26.9     27.9     29.1     29.3     29.7     28.1     28.2     27.4     26.2     25.3 
  1936    24.7     26.4I    26.5I    28.5I    29.1     28.9     29.5     29.1     28.1     27.6     26.2     25.4 
  1937    25.5I    26.0I    26.7     27.9     29.0I    29.8     29.5     29.0I    28.2     27.6     26.3     25.1 
  1938    25.9     25.9     27.0     27.6     29.4     29.3     28.4     27.7     28.1     27.8     26.0     25.3 
  1939    24.8     25.1     26.8I    27.9     28.8     29.5     29.6     28.8     28.7     27.4     26.3     25.6 
  1940    24.9     25.5     27.2     27.8     28.4     29.2     29.6     29.1     28.5     27.2     26.4I    26.0 
  1941    25.8     26.4     27.3     28.7     29.7     29.7     29.6     29.8     28.4     27.8     26.4I    -9.9M
  1942    25.3I    26.5     27.0     28.3     29.4     29.6     29.6     28.5     28.2     27.5     26.3     25.6 
  1943    25.7     25.6     26.5     27.9     28.7     29.4     29.1     28.3     28.9     27.1     26.1     25.4 
  1944    25.4     25.7     26.8     27.9     28.9     29.0     29.0     28.4     28.1     27.1     26.0     25.3 
  1945    24.6     25.2     26.1     27.5     28.7     29.8     29.4     28.7     28.7     27.1     25.9     25.3 
  1946    24.5     26.1     26.6     28.2     29.4     29.9     28.9     28.7     27.9     27.1     26.4     26.1 
  1947    26.0     25.7     26.9     27.9     28.9     29.7     28.9     28.7     28.6     26.8     26.2     24.9 
  1948    25.7     26.0     26.8     27.7     28.9     29.8     29.5     29.2     28.7     27.6     26.4     25.4 
  1949    25.5     25.3     26.8     28.2     28.6     29.5     28.7     28.3     28.3     27.5     26.3     25.0 
  1950    24.8     25.7     26.8     27.5     29.4     29.4     29.4     28.0     28.6     27.1     26.1     25.3 
  1951    25.0     24.9     26.9     27.9     28.5     29.1     28.4     28.7     28.3     27.8     26.7     25.8 
  1952    25.4     26.3     27.0     28.1     29.2     29.9     29.1     29.3     28.4     28.0     26.1     25.7 
  1953    25.1     25.6     27.1     27.9     29.7     29.9     28.6     28.9     28.1     26.9     26.0     25.4 
  1954    25.4     25.7     26.7     28.0     28.9     29.6     28.4     28.6     29.1     27.0     25.8     26.0 
  1955    26.0     25.7     27.1     27.8     28.8     29.2     28.4     27.7     27.3     27.5     26.4     25.1 
  1956    24.8     24.9     26.8     28.3     29.7     28.8     28.6     28.2     27.8     27.1     26.1     25.4 
  1957    25.1     25.4     26.3     27.8     28.7     29.5     29.0     29.0     28.6     27.2     26.1     25.7I
  1958    25.9     26.1     27.1     28.6     29.0     29.9     29.5     28.4     28.6     27.6     26.8     25.8 
  1959    26.2     26.3     26.9     28.1     29.2     29.3     29.8     29.2     28.9     27.7     26.5     25.8 
  1960    25.7     25.5     26.8     28.0     29.1     29.8     28.4     29.1     28.8     27.4     26.6     26.2 
  1961    25.9     25.5I    -9.9M    -9.9M    28.9     28.6     28.7     28.9     27.7     27.5     26.2     -9.9M
  1962    25.3     26.4     26.7     28.4     29.0     29.0     29.8     29.0     28.5     27.4     26.1     26.0 
  1963    25.2I    26.0     26.8     28.2     29.2     29.6     29.3     29.1     28.9     27.3     26.1     25.8 
  1964    25.7     26.8     27.2     28.8     29.5     29.6     28.6     28.5     28.8     27.6     26.4     25.5I
  1965    25.5     26.0     26.7     27.9     28.9     29.7     29.2     27.8     28.8     27.8     26.7     26.0 
  1966    26.1     26.7     27.4     28.8     29.7     29.1     29.8     28.8     28.4     26.8     27.1     25.8 
  1967    25.2     25.6     27.1     28.1     29.6     29.4     29.6     29.1     28.1     27.1     26.3     26.1 
  1968    25.6     26.3     27.3     -9.9M    29.1I    29.9     29.8     29.2     28.9     27.9     26.7I    26.1I
  1969    25.3     25.9     27.7     28.7     29.9     29.8     29.8     28.4     29.0     27.4     26.7     25.8 
  1970    25.8     26.6     27.4     28.4     29.5     30.1     29.1     28.8     27.7     27.5     26.6     24.9 
  1971    25.0     25.7     27.1     28.5     29.7     29.5     28.8     28.5     28.1     27.7     25.9     24.8 
  1972    25.2     25.1     26.4     28.5     28.5     29.5     29.5     29.1     28.5     27.2     26.7     26.7 
  1973    25.8     27.0     27.4     28.9     29.7     29.8     30.1     29.4     28.4     27.6     26.4     25.4 
  1974    24.4     25.4     26.9     28.2     28.9     29.7     29.2     29.5     28.4     27.8     26.6     25.2 
  1975    25.1     26.0     26.9     28.3     29.3     30.9     28.4     29.5     28.1     28.2     26.6     25.2 
  1976    24.6     25.1     26.2     28.1     29.9     29.5     29.9     29.0     28.7     28.1     27.2     25.7 
  1977    24.9     26.0     27.3     28.6     28.7I    29.7     29.4     29.0     29.1     27.2     26.7     25.9 
  1978    25.7     26.5     26.9     28.1     29.3     30.3     29.7I    30.0     28.7     27.9     -9.9M    -9.9M
  1979    -9.9M    26.5     27.4     28.9     29.4     30.6     30.0     30.1     28.1     27.6     26.6     26.4 
  1980    26.2     26.3     27.6     28.8     30.1     31.0     30.6     29.7     29.0     27.8     26.7     26.1 
  1981    25.4     26.0     28.1     28.7     29.8     30.0     28.5     29.5     27.9     27.6     26.6     25.5 
  1982    25.4     25.3     26.9     28.7     28.8     29.6     29.3     29.4     28.9     27.2     26.1     25.7 
  1983    25.6     26.1     27.3     28.6     29.5     29.8     29.4I    29.4I    28.4     28.0     26.4     26.1 
  1984    25.7     25.9     27.0     28.1     29.3     30.1     28.3     29.0     27.8     27.7     26.2     25.8 
  1985    26.2     26.3     27.5     28.7     29.6     29.2     28.6     28.9     28.4     27.9I    26.4I    25.9I
  1986    25.6I    26.0I    26.8I    28.5     29.5     30.3     29.8I    28.8     29.1I    27.6     26.6     26.5I
  1987    26.0     25.0I    27.3I    28.6     28.8     30.8I    29.4I    29.6     29.0I    27.8     27.7     26.8 
  1988    26.2     26.4     28.2     28.4     29.9     29.7     29.4     29.0     28.8     27.9     26.1     25.6 
  1989    25.8     25.2     26.5     28.4     30.1I    29.5I    28.7     29.1     28.2     27.9     26.9     26.1 
  1990    25.4     27.1     27.8     28.6     29.2I    -9.9M    -9.9M    -9.9M    27.9I    27.8     26.9     26.0 
  1991    25.8     25.7I    26.9     28.4     29.3     29.4     29.7     29.5     28.9     27.5     26.8     25.7 
  1992    26.1     25.5     26.4     28.9     29.3     30.3     29.7     29.4     28.5     28.0     26.8     25.8 
  1993    25.7     26.1     27.0     28.5     29.4     -9.9M    29.5     28.8     28.5     27.9     26.2     25.7 
  1994    25.7     26.1     27.1     28.3     29.7     30.3     29.8     29.0     28.7     27.4     26.6     26.2 
  1995    26.4     26.5     27.6     29.0I    29.5     30.1     29.9     29.3     29.4I    28.3     27.4     26.1 
  1996    26.0     26.4     27.4     29.0     30.2     29.0     30.2     29.4     28.4     28.0     26.9     26.1 
  1997    25.8     26.2     27.1     28.7     29.3     29.7     29.7     30.0     28.8     27.8     27.5I    27.2 
  1998    27.3I    28.1I    -9.9M    -9.9M    30.1I    31.0     29.9I    29.0     29.6     28.8     27.2     26.1 
  1999    25.5     26.2     27.1     28.1     29.0     29.1     29.8     29.1     29.3     27.5     26.5I    25.8 
  2000    25.6     26.3     27.1     29.0     29.9     29.8     29.7     29.3     28.3     28.0     26.6     25.9 
  2001    25.9     25.8I    27.4     28.6I    30.6     29.5I    29.5     29.7     29.4     28.3     27.0I    26.3 
  2002    26.3     26.8     28.0     29.3     29.6     30.2     29.7     29.7     29.3     28.3     26.8     25.8 
  2003    25.9     27.0     27.8     28.9     29.4     30.1     29.4     29.7     28.9     28.4I    26.5     26.6 
  2004    26.6     26.6     27.8     29.6     29.6     30.1     29.9     30.3     28.7     27.7     27.2     26.2 
  2005    26.6     27.5     28.9     29.3     30.5     31.1     30.3     29.9     29.5     28.6     26.9     26.5 
  2006    25.5     26.5     28.0     29.2     30.1     30.6     30.7     30.0I    29.7     28.3     27.0     26.5 
  2007    26.2     26.6     26.7     28.2     29.9     29.8     29.9     29.0     29.5     28.1     27.1     26.1 
  2008    26.2     27.1     27.2     28.6     30.1     29.5     30.1     29.4     28.9     28.0     27.0     26.1 
  2009    26.1     26.5     28.1     28.8     29.8     30.2     30.4     29.8     30.5     28.9     26.9     26.1 
  2010    26.4     27.1     28.4     29.7     30.2     30.5     30.5     29.6     28.5     28.5     27.1     25.8 
  2011    24.8     25.9     27.1     28.4     -9.9M    -9.9M    -9.9M    -9.9M    -9.9M    -9.9M    -9.9M    -9.9M
 
 
 
 
