



                              STATION NAME : COLOMBO                 
                              LAT:  6.90N    LON: 79.87E    ELEV:    7.3M
                              ELEMENT : Temp mean mly    in Degrees C           
                              Missing data values are coded as -9.9M 
 
  YEAR     JAN      FEB      MAR      APR      MAY      JUN      JUL      AUG      SEP      OCT      NOV      DEC
 
  1869    -9.9M    -9.9M    -9.9M    -9.9M    -9.9M    -9.9M    -9.9M    27.1     27.0     26.9     26.2     26.5 
  1870    26.0     26.4     27.3     28.3     28.4I    27.6     27.0     26.4     26.6     26.1I    26.4     26.6 
  1871    25.8     26.2     26.7     27.2     27.7     27.1     26.2     27.1     27.2     27.3     26.9     26.6 
  1872    26.8     26.9     27.5I    27.7     29.1     27.9     27.7     27.2     26.5     27.1     26.6     26.8 
  1873    26.4     26.3     27.5     28.1     27.9     27.5     27.1     27.3     27.1     26.9     26.6     26.5 
  1874    26.3     26.6     27.5     28.4     27.9     27.6     26.9     27.4     27.1     26.7     26.5     26.3 
  1875    26.2I    27.1     27.6     28.2     28.6     27.4     27.4     27.2     27.7     27.0     26.7     26.5 
  1876    26.6     26.3     27.9     28.7     28.3     27.8     27.4     27.3     27.8     26.9     26.6     25.8 
  1877    26.6     27.0     27.6     28.2     28.1     27.3     27.9     27.6     27.0     26.8     26.7     27.1 
  1878    27.2     27.8     28.6     29.2     28.4     27.5     27.7     27.3     27.4     27.1     27.2     26.7 
  1879    26.6     26.8     27.6     28.8     27.8     27.5     27.0     27.3     27.3     26.8     26.7     26.3 
  1880    -9.9M    -9.9M    -9.9M    28.2     28.1     28.2     27.2     27.3     27.6     27.9     26.6     26.6 
  1881    26.3I    27.0     27.8     28.2     29.0     28.1     27.4     27.1     27.5     27.4     26.7E    26.5 
  1882    26.4     26.9     28.1     28.4     28.0     27.5     26.6     27.0     27.8     26.9     26.9     26.1 
  1883    26.5     26.4     27.6     28.2     28.1     27.3     27.3     26.9     27.7     26.9     25.8     25.6 
  1884    26.0I    26.7I    26.9     27.3     27.8     27.5     27.6     27.1     27.1     26.3     26.2     26.1 
  1885    26.8     26.9     27.6     27.9     27.9     26.9     26.9     27.8     28.0     26.5     26.7     26.9 
  1886    26.6     27.2     28.3     28.0     28.2     27.8     27.1     26.6     26.9     27.1     26.8     26.1 
  1887    26.6     26.6     27.0     27.4     27.8     26.5     26.8     26.9     27.0     26.2     26.6     25.9 
  1888    26.1     26.7     27.8     27.8     28.0     27.2     27.6     27.1     27.3     26.9     26.9     26.1 
  1889    26.9     27.0     28.2     28.4     28.1     27.4     27.0     27.5     27.0     27.1     26.8     26.4 
  1890    26.1     26.6     27.5     27.5     28.2I    27.5     27.0     27.2     27.2     26.6     26.2     26.3 
  1891    26.5     26.5     27.1     27.5     27.9     26.9     27.0     27.7     27.5     26.2     26.4     26.5 
  1892    26.0     26.9     27.8     27.8     28.7     27.6     27.4     26.9     27.5     26.7     26.6     26.4 
  1893    26.4     26.2     26.8     27.5     27.3     27.3     27.0     27.1     26.8     26.8     26.1     26.4 
  1894    26.1     26.9     27.6     27.5     28.5     27.2     27.1     27.1     27.3     27.0     26.7     26.6 
  1895    26.5     27.1     27.9     28.5     28.9     28.2     27.5     28.2     28.0     26.6I    27.2     26.5I
  1896    26.8     27.3     28.3     28.8     29.0     27.5     28.0     27.4     27.8     27.0     27.3     27.1 
  1897    27.5     27.7     28.5     28.2     29.3     27.8     28.0     27.9     28.0     28.0     27.6     26.5 
  1898    26.6     27.4     28.0     28.3     28.5     28.1     28.0     27.8     27.5     27.0     26.7     27.0 
  1899    26.6     26.9     28.0     28.3     28.3     27.4     28.1     28.7     28.2     27.7     27.5     26.8 
  1900    27.3     28.4I    29.4     28.5     29.0     28.3     27.4     27.9     27.6     27.9     27.4     27.2 
  1901    27.0     27.8     28.1     28.3     28.8     27.5     27.5     28.5     28.4     27.7     26.8     27.3I
  1902    26.3     27.3     28.3     28.5     28.6     28.5     27.4     -9.9M    27.6     26.8     27.0     26.8 
  1903    27.5     27.8     28.8     28.6     -9.9M    -9.9M    -9.9M    -9.9M    -9.9M    -9.9M    -9.9M    26.5I
  1904    26.1     26.3     27.3     28.5     28.0     26.9     26.6     27.4     27.5     26.8     27.3     26.4 
  1905    26.4     -9.9M    28.3     27.9I    28.0I    27.7     28.1     28.4     27.5     26.8     27.4     27.0 
  1906    26.9     27.8     28.1     28.9I    28.4     28.0     27.6     27.3     28.2     26.7     26.5     26.5 
  1907    26.7     26.8     27.7     28.0     28.4     27.6     27.4     27.0     27.9     26.8     26.4     26.3 
  1908    26.7     26.7     27.8     28.7     28.2     27.6     27.5     27.5     27.6     26.9     26.7     26.4 
  1909    26.4     27.0     27.7     28.6     28.3     27.7     26.8     26.8     27.4     27.0     27.0     26.3 
  1910    26.4     26.8     27.9     28.0     28.3     27.4     27.1     26.9     26.9     26.6     26.2     25.7 
  1911    26.0     26.9     28.0     29.3     28.4     27.9     27.6     27.9     25.7     26.9I    -9.9M    -9.9M
  1912    -9.9M    27.3     28.3     28.1     28.0     27.2     27.7     27.6     27.4     26.7     26.3     25.9 
  1913    25.3     26.7     27.2     27.4     27.8     27.5     26.9     27.1     27.0     26.8     26.4     26.0 
  1914    26.8     26.5     -9.9M    28.1     28.3I    27.5     27.5     27.2     27.5     26.7     26.8     26.4 
  1915    26.4     27.2     27.9     28.4     29.0     28.1     26.7     27.3     26.8     26.9     26.1     25.9 
  1916    25.7     26.0     27.2     28.0     27.2     27.1     26.8     27.0     26.9     26.9     26.0     25.7 
  1917    25.6     26.0     26.6     27.8     27.8     27.1     27.7     27.3I    26.6     26.5     26.2     25.3 
  1918    26.0     25.2     27.1     27.8     27.4     27.7     27.9     27.5     27.6     26.8     26.9     26.3 
  1919    26.9     27.6     27.6     28.3     27.9     27.7     27.2     26.8     26.6     27.1     26.5     26.4 
  1920    26.1     26.5     27.4     27.3     28.3     27.1     27.1     27.1     27.1     26.9     26.4     25.9 
  1921    26.5     25.8     27.2     27.6     28.8     28.3     27.8     27.4     28.0     27.1     27.0     26.9 
  1922    26.7     26.6     27.5     28.2     27.9     27.8     26.9     27.3     27.3     26.8     26.2     25.6 
  1923    26.2     26.1     27.3     28.2     28.0     27.3     26.8     27.0     27.0     26.7     26.6     26.1 
  1924    26.7     27.2     27.5     28.1     28.0     27.3     27.1     27.5     27.1     27.0     26.5     26.4 
  1925    25.3     26.3     26.9     27.8     28.1     27.6     27.4     27.2     27.3     27.1     26.5     26.7 
  1926    26.3     27.0     28.0     28.6     28.0     27.8     27.3     27.6     27.5     27.3     26.6     26.6 
  1927    26.3     26.8     27.3     27.8     27.8     27.4     27.3     27.8     27.2     27.1     26.7     26.9 
  1928    26.4     25.9     27.2     27.6     28.2     27.7     27.4     27.4     28.1     26.5     26.6     26.3 
  1929    25.4     26.2     26.8     27.2     27.9     27.3     27.1     27.2     27.2     26.7     26.2     25.7 
  1930    26.1     26.6     27.5     27.9     27.6     26.8     27.4     27.0     26.9     26.2     26.7     26.5 
  1931    26.6     27.2     27.9     27.9     27.9     27.5     27.1     26.8     27.0     27.2     26.4     26.1 
  1932    26.8I    25.5     27.2     27.6     27.3     27.7     27.2     26.8     27.1     26.5     26.1     25.9 
  1933    26.3     26.1     26.9I    27.8     27.1     27.0I    26.7     26.3     26.6     26.2     25.7     25.7I
  1934    25.6     25.8     26.0I    27.1     27.9     26.8     27.2I    27.2     27.3     26.2     25.7     26.2 
  1935    26.3     26.4     27.1     27.8     28.1     27.0     26.7     26.8     26.8     26.4     26.3I    26.2 
  1936    25.7     26.5     27.1     28.4     27.1     27.0     27.3     27.3     27.0     26.8     26.3     26.0 
  1937    26.3     26.7     27.1     27.4     27.8     27.8     27.1     27.7     27.3     26.7     26.3     25.5 
  1938    26.7     26.7     27.1     27.2     27.4     28.0     27.0     27.0     27.1     26.5     26.5     26.3 
  1939    25.6     25.8     27.3     27.6     28.0     27.4     26.8     27.0     27.5     26.6     26.2     26.1 
  1940    25.9     27.0     27.6     28.0     28.1     27.7     27.4     27.3     27.6     26.6     26.5     26.6 
  1941    26.6     27.4     27.7     28.5     28.2     27.5     27.6     27.4     27.2     27.2     26.8     26.0 
  1942    26.5     27.2     27.3     27.6     27.9     27.4     27.2     27.1     27.4     26.8     26.2     26.1 
  1943    26.3     26.3     27.1     27.7     27.5     26.8     26.6     26.8     27.1     26.4     25.9     26.3 
  1944    26.1     26.4     26.7     27.7     27.7     27.4     27.4     27.5     27.3     26.7     26.1     26.2 
  1945    26.0     26.8     27.3     28.1     28.5     27.8     27.4     27.5     27.6     26.5     26.5     25.6 
  1946    25.9     27.3I    27.3I    27.7I    28.7     27.8     27.8     27.6     27.0     26.5     26.3     26.2 
  1947    26.2     26.5     27.5     28.0     28.1     27.7I    27.6     27.0     26.7     26.3     26.4     25.8 
  1948    26.7     26.7     27.4     27.5     28.3     27.6     27.3     27.1     27.5     26.8     26.7     26.2 
  1949    26.4     26.0     27.3     27.1     27.6     27.2     26.9     27.5     27.7     27.0     26.7     26.0I
  1950    26.0     26.7     27.4     27.8     28.8     25.9I    26.8     27.3     27.1     26.0     26.3     26.0I
  1951    26.1     25.6     27.0     27.6     27.8     27.1     26.7     27.7     27.5     27.1     26.4     26.2 
  1952    26.1     26.6     27.5     27.7     28.0     27.3     27.3     27.6     27.8     26.7     26.2     26.4 
  1953    26.2     26.4     27.3     27.2     29.0     28.3     26.4     27.7     27.5     26.5     26.0I    26.4 
  1954    26.2     26.4     26.7     27.7     27.6     27.7     26.9     26.7     26.8     25.9     25.9     25.6 
  1955    26.2     26.0     26.6     27.1     27.2     26.6     26.8     27.3     26.4     26.6     25.8     25.6 
  1956    25.6     25.5     26.6     27.8     27.8     26.9     26.9     26.9     26.6     26.0I    26.1     26.1 
  1957    26.0     26.2     27.0     28.0     27.6     27.3I    26.9     27.3     27.5     26.7     26.4     26.1 
  1958    26.9     26.3     27.4     27.9     27.9     27.7     28.0     27.3     27.5     27.0     26.4     26.8 
  1959    26.8     26.8     27.7     27.8     27.8     27.0     27.0     27.0     26.8     26.7     26.4     26.3 
  1960    26.4     26.3     27.0     27.5     27.5     27.7     26.8     27.2     26.7     26.3     25.8     26.5 
  1961    26.8     26.2     27.4     27.6     27.6     27.3     26.8     27.1     26.5     26.5     26.3     26.2 
  1962    26.1     26.7     26.9     27.5     27.5     28.0     27.4     27.1     26.9     26.6     26.4     26.4 
  1963    26.2     26.3     26.9     27.5     27.8     27.5     26.7I    27.8     27.1     26.3     26.3     26.3 
  1964    26.3     27.1     27.5     28.3     28.5     27.9     27.1     27.3     27.4     26.9     26.5     26.3 
  1965    26.6     26.4     27.3     27.8     27.8     28.1     28.0     27.6     27.7     26.9     27.0     26.4 
  1966    26.5     27.4     27.7     27.9     28.8     27.7     27.9     28.6     27.5     27.0I    26.8     26.5 
  1967    26.5     26.8     27.4     28.3     28.2     27.9     27.5     27.6     27.5I    26.7     26.8     26.6 
  1968    26.2     26.3     27.9     27.8     28.6     27.9     27.0     27.8     27.4     27.2     26.3I    26.6I
  1969    26.6     26.8     28.1     28.4     28.1     28.4     28.0     27.4     28.2     27.2     26.8     26.5 
  1970    26.4     27.0     27.7     27.9     28.1     28.5     27.5     27.8     27.6     27.0     26.6     25.9 
  1971    26.3     26.4     27.1     27.7     28.2     27.8     27.3     27.3     27.0     26.8     26.8     25.8 
  1972    26.3     26.1     27.5     28.0     27.8     28.5     28.4     28.2     27.9     27.0     26.9     27.3 
  1973    26.7     28.0     28.3     28.9     28.5     28.2     28.0     27.5     28.1     27.2     26.5     26.1 
  1974    25.8     26.9     27.4     27.4     27.9     27.9     27.1     27.3     26.8     26.6     26.5     26.4D
  1975    26.0     26.9     27.2     27.5     28.0     27.3     27.2     27.3     26.9     27.3     26.2     26.2 
  1976    26.1     26.7     27.4     28.1     28.4     28.0     27.6     27.5     27.8     26.8     26.6     26.6 
  1977    26.2     26.8     27.4     28.2     27.3I    28.0     27.4     27.3     27.9     26.7     26.8     27.0 
  1978    27.4     27.8     28.0     28.3     27.8     27.7     27.2     27.2     28.1     27.1     26.6     27.1 
  1979    27.5     27.8     28.2     28.6     28.7     28.1     27.6     27.5     26.8     27.1     26.8     27.2 
  1980    27.4     27.5     28.2     28.3     29.0     28.2     28.2     27.2I    28.1     27.2     27.0     26.7 
  1981    26.2     26.6     27.5I    28.5     28.5     27.7     28.1     28.0     27.5     27.0     27.2     26.6 
  1982    26.9     27.0     27.7     28.5     27.9     27.8     27.4     27.5     27.6     26.8     26.4     26.4 
  1983    27.1     27.5     28.3     29.5     28.9     28.5     27.8     28.0     27.1     27.5     26.9     26.8 
  1984    26.4     26.6     27.3     27.6     28.4     27.5     26.9     27.4     27.2     26.7     25.8     26.5 
  1985    27.0     26.9     27.7     28.6     28.7     26.9     27.6     27.3     27.4     26.9     26.4     26.7 
  1986    26.3     26.8     27.4     28.3     28.4     28.3     28.3     27.1     27.6     27.2     27.3     27.5 
  1987    27.4     27.1     28.6     28.8     28.8     28.8     29.0     27.7     28.3     27.4     27.6     27.4 
  1988    28.1     27.6     28.8     28.5     29.8     28.1     28.0     27.9     27.5     28.1     26.9I    27.1I
  1989    27.1     26.6     27.3     28.4     28.3     27.3     27.3I    27.8I    27.8I    27.1     27.5I    27.4 
  1990    26.6     28.2     28.2     28.5     28.5     28.5     27.3     27.9     28.5     27.5     26.7     26.4 
  1991    26.6     26.7     28.1     28.5     28.9I    28.0     28.2     28.1I    28.4     26.9     26.9     26.8 
  1992    27.1     27.1     28.1     29.2     28.4I    28.1     27.3     27.7     27.5     27.3I    26.8     26.6 
  1993    26.9I    27.5     28.0     28.5     28.2     28.4     27.9     28.2     27.9     27.3     27.2     27.0 
  1994    27.0     27.3     28.1     28.5     28.5     28.3     28.0     27.9     27.4     26.6     26.9     27.6 
  1995    27.6     27.7     28.5     28.1     28.6     28.1     27.9I    27.9     28.1I    27.8     27.2     27.5 
  1996    27.3     27.1     28.4     28.5     29.5     28.0I    27.6     28.0I    27.6     27.3     27.0     26.7 
  1997    27.0     27.0     28.3     28.6     28.5     28.5     28.1     28.5     27.5     27.3     27.3     27.4 
  1998    27.9     28.9     29.3     29.7     29.8     28.8     27.9     28.1     28.3     27.7     27.2     26.9 
  1999    26.6     27.6     28.0     27.9     28.0     28.0     27.9     27.8     27.8     26.8     27.2     26.9 
  2000    27.0     27.2     27.9     28.9     28.8     27.9     28.2     27.6     27.3     27.6     27.4     27.2 
  2001    26.8     26.7     28.4     28.2     29.2     28.3     27.7     28.6     28.1I    28.2     27.5     27.6 
  2002    27.4     27.8     28.5     28.3     28.8     28.5     28.4     28.3     28.7     27.1     27.2     27.0 
  2003    27.1     27.8     28.0     28.9     29.1     28.6     28.4     28.5     28.2     27.7I    27.4     27.9 
  2004    28.3     28.1     28.7     29.0     28.6     28.3     28.0     28.0     27.2     27.1     27.1     27.0 
  2005    27.5     27.8     28.6I    28.4     28.7     28.5     27.9     28.5     28.0     27.3     26.6     26.8 
  2006    26.7     27.7     27.7     28.8     28.5     28.1     28.0     27.6     27.9     27.3     27.2     27.2 
  2007    27.4     27.3     28.3     28.2     28.9     28.4     27.9     27.9     27.9     26.9     27.2     26.9 
  2008    26.9     27.1     27.4     27.6     28.7     27.9     27.5     27.6     27.8     27.3     27.3     27.1 
  2009    27.0     27.0I    27.9     28.6I    29.2I    28.0     27.9     28.3     28.0     27.7     27.1     27.6 
  2010    27.7     28.6     29.0     28.8     28.6     28.6     27.8     28.0     27.9     27.9     27.0     26.5 
  2011    26.6     27.0     28.2     28.0     -9.9M    -9.9M    -9.9M    -9.9M    -9.9M    -9.9M    -9.9M    -9.9M
 
 
 
 
