



                              STATION NAME : JAFFNA                  
                              LAT:  9.68N    LON: 80.03E    ELEV:    3.1M
                              ELEMENT : Temp mean mly    in Degrees C           
                              Missing data values are coded as -9.9M 
 
  YEAR     JAN      FEB      MAR      APR      MAY      JUN      JUL      AUG      SEP      OCT      NOV      DEC
 
  1887    25.6     25.9     27.7     29.5     28.7     28.1     28.3     28.1     27.5     26.1     25.8     24.7I
  1888    24.8I    25.2     27.4     29.3     28.6I    28.0     27.6     27.3     27.4     26.9I    -9.9M    24.4 
  1889    24.7I    25.5I    27.9I    29.5I    29.6I    28.4I    27.4I    27.5I    27.8     27.3     26.3     25.1 
  1890    24.0     25.3     28.5     29.5     29.2I    28.4     27.5     27.2     27.0     26.6     25.9     25.4 
  1891    25.0     25.6     27.0     29.0I    28.9     27.8     27.3     27.9     28.0     26.7I    26.2     25.3 
  1892    25.0     25.8     27.6     29.0I    28.9     28.3     27.8     27.1     26.9     -9.9M    26.1I    24.7 
  1893    -9.9M    -9.9M    -9.9M    28.4     28.4     28.0     28.1I    26.9I    26.8     27.2     25.7     24.3 
  1894    -9.9M    -9.9M    -9.9M    -9.9M    -9.9M    -9.9M    29.0     27.7     29.1     28.6     27.6     27.1 
  1895    26.3     26.6     29.4I    30.7     30.6     30.3     29.2     29.2     29.1     28.7     27.7     26.3 
  1896    25.9I    27.7     29.9     32.3     30.8     30.1     29.6     29.1     29.9     28.6     27.7     26.8 
  1897    26.5     27.9     29.8     30.7     30.7     29.7     29.2     29.7     29.0     28.3I    26.7     25.1 
  1898    24.8     26.1     27.4     30.8     30.2     29.5     29.5     29.3     28.1     27.7     26.5     25.8 
  1899    25.3     26.1     28.5     29.6     29.7     28.7     28.9     28.6     28.5     27.6     26.3     25.3 
  1900    25.8     27.3I    29.8     30.4     30.1     29.2     28.4     28.6     28.3     28.2I    -9.9M    26.3 
  1901    26.6     27.6     28.4     30.3     29.7     28.9     28.5     28.5     28.5     28.0     26.4     25.5 
  1902    25.1     26.0     28.4     30.0I    -9.9M    29.3     28.6     -9.9M    -9.9M    -9.9M    -9.9M    -9.9M
  1903    26.1     27.3     28.8I    30.3I    29.4I    -9.9M    28.5I    28.0I    -9.9M    -9.9M    -9.9M    -9.9M
  1904    25.1     25.2I    -9.9M    -9.9M    30.0I    28.5     28.2     -9.9M    -9.9M    28.0     26.8     25.2 
  1905    25.2     26.9     29.2     28.9     29.4     28.7     28.7     28.7     -9.9M    27.9     27.2     26.1 
  1906    26.0I    27.4I    -9.9M    -9.9M    32.3     -9.9M    -9.9M    28.4I    28.8     27.8I    -9.9M    26.0 
  1907    -9.9M    -9.9M    28.5     29.6     30.1     29.0     28.9     28.2     28.6     28.1I    -9.9M    25.5I
  1908    25.3     -9.9M    28.0I    29.9     29.0     28.2     28.4     28.3     -9.9M    -9.9M    -9.9M    -9.9M
  1910    -9.9M    -9.9M    -9.9M    -9.9M    -9.9M    -9.9M    28.1     27.5     27.6     27.5     26.1     25.0 
  1911    25.0     25.8     28.5     -9.9M    -9.9M    -9.9M    -9.9M    -9.9M    -9.9M    -9.9M    -9.9M    -9.9M
  1914    -9.9M    -9.9M    -9.9M    -9.9M    -9.9M    -9.9M    -9.9M    -9.9M    -9.9M    27.1     26.4     25.6 
  1915    25.7     26.7I    28.5     30.5     30.3     29.7     28.4     28.9     28.2     28.4     27.1     25.2 
  1916    24.8     26.1     28.0     30.7     30.2I    29.0     28.6     28.5     28.0     27.7     26.5     25.0 
  1917    24.6     25.7     27.5     29.8     29.2     28.9     29.0     28.2     27.8     27.5     26.3     25.0 
  1918    25.0     24.4     27.6     29.8     29.5     28.9     28.8     28.9     28.4     28.6     27.0     25.1 
  1919    26.1     27.0     27.6     30.4     29.9     28.3     28.8     28.1I    28.3     27.9     26.7     25.6 
  1920    25.3     26.5     28.7I    29.6     29.7     29.1     29.0     28.5     28.3     27.8     25.8     25.1 
  1921    25.9     25.3     28.3     29.4     30.0     29.4     28.6     29.0     28.7     27.5     25.8     25.3 
  1922    25.5     25.6     28.3     29.4     29.5     29.3     28.5     28.1     27.8     27.1     26.3     25.0 
  1923    25.1     26.2     27.6     30.1     28.9     28.6     27.9     28.2     28.1     27.3     27.1     25.2 
  1924    25.5     26.6     27.7     30.3     30.1     28.4     28.5     28.5     28.1     27.8I    26.5     25.7 
  1925    24.9     25.8     27.4     29.9     29.2     28.9     28.4     28.3     28.4     27.8     26.4     25.8 
  1926    25.6     26.2     28.8     30.3     29.6     28.9     28.8     28.6     28.8     27.7     25.9     25.8 
  1927    25.8     26.9     28.5     29.2     28.7     27.3     28.3     28.2     27.9     25.6     26.4     25.6 
  1928    25.7     25.8     27.7     29.6     29.6     28.8     28.0     27.7     28.0     27.5     25.8     25.4 
  1929    25.2I    25.7     27.5     28.6     29.0     28.2     28.0     27.8     27.5     27.4     26.2     25.2 
  1930    24.8     26.2     27.9     29.2     28.5     28.7     28.4     27.6     27.8     26.5     26.1     25.3 
  1931    24.7     25.7     27.8     29.3     29.6     29.1     28.4     28.2     28.2     28.0     26.4     25.2 
  1932    25.4     25.8I    27.1     28.9     28.8     28.4     28.0     27.8     27.8     26.9     26.1     25.2 
  1933    25.4     25.6     27.1     29.0     28.5I    28.3     27.9     27.2     27.2     26.7     26.6     25.1 
  1934    25.3     25.5     27.6     29.5     29.5     28.7     28.3     27.9     28.1     27.5     25.8     25.1 
  1935    25.2     26.1     28.4     29.6I    29.6     28.4     28.2     28.1     28.1     28.0     25.8     25.3I
  1936    25.5     27.6     27.9     29.6     29.6     28.2     28.5     28.1     28.4     28.0     26.4     25.7 
  1937    25.5     26.7     27.7     29.1     29.7     29.1     28.4     28.8     28.3     27.7     25.9     25.1 
  1938    25.7     26.5     28.2     29.5     29.5     28.7     28.1     28.0     28.7     27.9I    26.2     25.4 
  1939    24.8     25.3     27.8     29.1     28.8     28.7     28.4     28.2     28.4     27.8     26.4     25.9 
  1940    24.7     26.1     29.1     29.9     29.5     29.1     28.6     27.9     29.1     27.9     26.6     25.7 
  1941    26.0     26.4     28.6     29.9     30.4     29.0     28.5     28.5     28.0     27.9     26.4     25.7 
  1942    25.4     26.6     28.0     29.4     29.9     28.9     28.4     28.4     28.2     27.4     26.6I    25.7 
  1943    25.4     25.9     27.6     28.3     28.3     28.3     28.0     27.5     28.3     26.6     26.6     25.6 
  1944    25.6     26.6     27.2     29.2     29.6     28.7     28.0     28.5I    28.4     28.0     26.1     25.7 
  1945    25.0     26.0     27.7     29.0     29.8     29.5     28.7     28.2     28.4     28.0     25.8     24.8 
  1946    24.6     26.2     28.2     29.9I    29.5I    29.5     28.9     28.6     28.0     27.7     26.6     26.1 
  1947    25.8I    25.5     27.7     29.3     29.8     29.1     28.6     28.7     28.0     27.3     27.0I    25.5 
  1948    25.7     26.5     27.8     29.9     29.6I    28.9I    28.5     28.5     28.5     28.3     27.2     25.4 
  1949    24.9     26.1     28.1     29.5     29.2     29.0     28.7     28.6     28.2     27.9     26.3     25.2 
  1950    24.7     26.3     28.4     29.4     29.8     28.7     28.1     27.7     28.4     27.0     26.5     25.5 
  1951    25.4     24.8     28.2     29.3     29.8     29.0     28.3     28.8     28.8     28.3     26.9     26.0 
  1952    25.4     26.7     28.0     29.7     29.9     28.9     28.3     28.3     28.5     27.7     26.5I    26.0I
  1953    25.7     25.9     28.8     29.6     29.8     29.0     28.4     28.7     28.5     27.8     26.6I    25.8 
  1954    25.5     26.6     27.9     29.7     29.4     29.0     28.1     28.2     28.1     27.0     26.2     25.6I
  1955    26.0     25.9     27.9     29.0     28.8     28.4     28.1     28.1     28.4     27.7     26.5     25.0 
  1956    24.9     25.3     28.1     29.7     28.9     28.4     28.2     27.7     27.7     27.3     26.6     25.3 
  1957    25.5     26.2     27.0     29.4     30.0     29.2     28.5     28.0     28.0     27.7     26.6     25.8 
  1958    26.0     26.7     28.4     29.9     29.3I    28.9I    28.6     28.1     28.8     27.6     26.9     26.2 
  1959    25.9     26.8     28.0     29.7     29.9     28.8     28.5     28.6     28.6     28.1     26.4     25.8 
  1960    25.8     25.7     27.6     28.9     28.9     28.8     28.2     28.2     28.2     27.8     25.8     25.9 
  1961    25.8     26.4     28.5     -9.9M    29.4I    28.3     28.0     28.3     28.2     28.0     26.7     25.6 
  1962    25.1     26.4     27.6     29.5     29.4     28.6     28.5     28.2     28.4     27.2     26.3     26.1 
  1963    25.1     25.8     27.3     28.8     30.0     29.2     28.8     28.8     28.7     27.6     26.3     25.7 
  1964    25.4     27.0     28.6     30.3     29.9     29.0     28.3     28.0     28.3     27.5     25.9     25.6 
  1965    25.5     26.3     27.5     28.9     29.1     28.6     28.4     28.2     28.4     27.5     26.7     25.9 
  1966    26.2     26.9     28.6     29.8     29.3     28.4     28.2     28.6     28.1     27.1     27.4     25.8 
  1967    25.5     25.9     27.9     29.9     29.6     28.8     28.3     28.1     28.3     27.1     25.9     25.7 
  1968    25.5     26.1     27.7     29.0     29.5     29.1     28.2     28.1     28.1     28.1     26.3I    -9.9M
  1969    25.2     26.4     28.8     30.2     29.9     28.8     28.5     27.9     28.6     27.5     26.9     25.8 
  1970    25.7     26.9     28.3     29.6     29.2     28.8     28.2     28.3     28.1     27.7     26.0     24.6 
  1971    25.3     26.0     28.1     29.8     29.4     28.4     28.2     28.0     28.3     27.4     26.4     24.6 
  1972    24.8I    26.1I    27.6I    30.2     28.6     29.3     28.9     28.3     28.4     27.6     26.9     26.4 
  1973    25.9     27.1     28.6     30.8     29.9     29.4     29.1     28.1I    28.2     27.9     26.6     25.5 
  1974    24.6     25.8     28.2     29.9     29.3     28.6     28.5     28.5     28.0     27.7     26.8     25.6 
  1975    25.3     26.9     28.5     30.1     29.4     28.8     28.3     27.3     28.0     27.5     26.6     24.8 
  1976    24.9     25.4     28.0     29.6     29.4     29.1     28.7     28.4     28.5     28.2     26.9     26.0 
  1977    25.1     26.6     28.3     30.0     29.2I    29.0     29.0     28.1I    28.6     27.4     27.1     26.1 
  1978    25.7     26.7I    28.4     30.0     29.9     29.4     28.7     27.9     28.4     27.9     27.0I    26.2I
  1979    26.3     27.5     28.6     30.5     29.9     29.6     29.0     28.5     28.1I    27.9     27.0     26.3 
  1980    26.0     26.8     28.7     30.0     30.5     29.8     29.4     28.8     29.1     28.0     27.4     26.5 
  1981    26.0     26.7     29.2     30.3     30.0     28.7I    28.7     28.4     27.9     28.0     27.1     26.1 
  1982    26.0     26.9     28.7     30.4     27.4     29.0     28.4     28.5     28.4     28.6     27.2     26.4 
  1983    26.1     28.1     29.4     30.5     30.6     29.7     29.4I    29.0     28.3     28.3     27.4     26.1 
  1984    25.9     26.3     28.2     -9.9M    -9.9M    -9.9M    -9.9M    -9.9M    -9.9M    -9.9M    -9.9M    -9.9M
  2001    -9.9M    -9.9M    -9.9M    -9.9M    -9.9M    29.1     29.3     28.8     29.1     27.9     26.6     25.5I
  2002    26.0     25.9     28.0     29.6     30.5     30.0     29.6     29.3     29.5     28.3     26.5     25.6 
  2003    25.3     26.5     27.6     29.8     30.0     29.8     30.0     28.8     29.7     28.2I    26.4     26.2 
  2004    25.5     25.8     28.3     30.4     29.2     29.3     28.9     29.5     27.9     27.5I    26.3     25.6 
  2005    25.7     26.3     28.7     29.0     30.6     30.2     29.2     29.7     29.0     28.2     25.9     25.7 
  2006    25.3     26.0     28.1I    29.8     30.5I    30.3     29.9     29.5I    29.3     28.3     26.8     26.4 
  2007    25.9     26.4     27.7     29.6     30.8     30.1     29.2     29.2     29.0     28.1     26.4     25.7 
  2008    25.5     26.5I    27.2     29.1     29.9     29.9     29.5     28.9     29.5     28.3     26.7I    26.1 
  2009    25.5     25.9I    27.7     29.1     30.3     29.8     29.7     29.5     29.7     28.8     27.2     26.1I
  2010    25.9     26.5     28.8     31.2     30.6     30.1     30.3     29.4     28.4     28.2     27.0     25.6 
  2011    25.4     26.0     27.8     29.0     -9.9M    -9.9M    -9.9M    -9.9M    -9.9M    -9.9M    -9.9M    -9.9M
 
 
 
 
