



                              STATION NAME : NUWARA ELIYA            
                              LAT:  6.97N    LON: 80.77E    ELEV: 1893.6M
                              ELEMENT : Temp mean mly    in Degrees C           
                              Missing data values are coded as -9.9M 
 
  YEAR     JAN      FEB      MAR      APR      MAY      JUN      JUL      AUG      SEP      OCT      NOV      DEC
 
  1869    -9.9M    16.1I    16.0I    16.2I    17.8     17.8     -9.9M    16.2I    15.0I    -9.9M    -9.9M    -9.9M
  1870    14.5     15.0I    15.7     15.9     16.8     15.8     14.5I    14.7I    14.4I    15.2I    14.8     13.9 
  1871    14.1I    14.4I    14.8     15.9     16.4     14.8     14.6I    15.5     15.5I    15.3     15.6     14.5 
  1872    14.3     13.8     15.0     15.7     16.3     15.7     15.3     14.9     14.9I    14.8     15.0     14.7 
  1873    14.0     14.2     14.7     15.2     -9.9M    14.8     14.3I    14.6     15.0     14.9     14.9     14.6 
  1874    15.2     -9.9M    -9.9M    -9.9M    15.4     14.9     14.4     14.9     14.7     14.7     15.0     13.8 
  1875    13.0     12.3     13.9     15.1I    15.7     15.3     13.0     13.6     14.3     14.6     14.3     13.0 
  1876    13.1     13.1I    13.6     15.2     16.1     15.5     14.7     15.4     14.7     14.9     13.8     13.3 
  1877    12.6I    12.8     13.6     14.5     15.8     15.0     15.5     15.1     15.2     15.0     14.7     15.2 
  1880    12.9     13.8     14.5     15.6     -9.9M    14.7     13.7     14.4     14.2     14.9     14.6     13.3 
  1881    13.3     13.4     14.8     15.7     16.4     15.7     15.3     15.1     15.9     15.4     14.5     15.3I
  1882    14.1     14.0     15.0     15.4     16.2     14.9     13.6     14.3     14.2     14.6     14.6     14.4 
  1883    13.8     13.6     14.1     15.4     16.5     15.0     14.9     14.7     14.8     14.5     14.7     13.7 
  1884    13.2     13.3     14.4     15.0     15.9     15.5     14.7     14.7     14.5     14.9     14.5     12.7 
  1885    14.2     13.8     14.4     14.9     16.0     15.0I    14.6     15.0     15.5     15.1     14.9     15.0 
  1886    14.7     14.1     15.7     15.6     16.4     15.5     14.6     14.8I    14.7     14.9     14.6     13.3 
  1887    14.0     13.8     14.2     15.6     15.9     14.2     13.9     14.7     14.5     14.7     14.3     14.2 
  1888    13.2     14.5     15.2     16.1     15.9     14.6     15.1     15.7     15.8     15.9     15.8     14.8 
  1889    14.7     15.7     16.7     17.5     17.4     14.9     15.3     15.4     15.8     15.5I    14.5     14.3I
  1890    14.4I    15.3I    16.1     16.8     16.7     15.6     14.2     14.7I    14.6     14.9     14.4     14.1I
  1891    14.1     14.6     16.1     16.3     16.5I    -9.9M    14.5     -9.9M    -9.9M    -9.9M    -9.9M    -9.9M
  1892    -9.9M    -9.9M    15.7     16.4     17.0     15.9     -9.9M    14.8I    15.0     15.0     15.7     14.3I
  1893    14.0     14.4     16.0     16.7     16.7     15.3     15.0     14.8     15.0     15.7I    15.3     14.3 
  1894    14.5     15.0     16.2     16.5     16.7     15.6     15.1     15.0     15.2     -9.9M    -9.9M    13.6 
  1895    13.6     13.2     14.6     15.6     16.7     15.7     14.7     15.3     15.5I    15.3     15.1     14.3 
  1896    14.2     13.9     14.7     15.9     17.0     15.5     15.0     15.0     15.8     15.4     15.8     15.2I
  1897    14.6     14.6     14.9     16.0     16.9     15.5     15.6     15.3     15.6     15.6     15.2     14.8 
  1898    13.0     14.0     13.7     15.7     16.2     15.5     15.1     15.7     15.2     15.5     15.4     14.7 
  1899    13.2     12.9     13.9     15.9     15.5     15.0     15.0     15.5     15.1     15.3     14.7     14.8 
  1900    14.4I    14.1I    15.1     16.1     16.2     15.8     14.8     15.4     15.4     15.8     -9.9M    14.8 
  1901    14.6     14.2     14.8     16.0     16.5     15.4     14.9     15.3     15.8     15.0     15.2     14.0 
  1902    13.4I    14.2     14.4     15.6     17.0     16.5     14.6     15.5     15.5     15.5     15.3     14.7 
  1903    14.8     14.5     13.5     16.0     16.9     16.8     14.8I    15.7     15.6     15.7     15.2     14.2 
  1904    14.3     12.3     13.9     14.9     16.4     14.5     14.5     14.6     15.0     15.5     14.3     14.2 
  1905    13.6     14.1     15.0     15.8     16.4     -9.9M    15.3     15.9     15.7I    15.4     16.2I    14.3I
  1906    15.1     15.7     16.2     16.6     17.6I    15.8     15.2     15.1     15.5     15.4     15.1     14.8 
  1907    14.2     14.1     15.3     16.0     16.6     15.5     14.9     14.5     15.4     15.6     15.0     13.8 
  1908    14.4     14.4     15.6     16.6     16.2     15.3     14.6     15.5     15.2     15.1     14.8     14.2 
  1909    14.1     15.0     15.4     16.3     16.4     14.7     14.1     15.0     14.5     15.5     15.0     14.2 
  1910    14.4     14.8     14.9     16.0     17.1     15.2     14.9     15.7     14.6     15.2     14.7     14.7 
  1911    -9.9M    -9.9M    15.5     16.4     17.1     15.4     14.4     -9.9M    15.3I    15.5I    15.5     15.2I
  1912    14.0     15.2     16.2     17.0     17.1     14.8     14.3     14.4     14.3     -9.9M    14.9     14.4 
  1913    14.6     14.7I    15.1I    15.1I    16.3     16.5     15.6     15.7     15.6     16.1     15.9     14.5 
  1914    -9.9M    -9.9M    15.4I    15.5I    17.3     16.7     14.3     16.3I    16.0     16.3     16.2     16.0 
  1915    15.1     14.8     15.5     15.9     17.7     16.8     16.3     16.2     16.0     16.1     16.1     14.5 
  1916    12.3     13.9     15.0     16.1     17.0     16.1     16.8I    16.2     16.1I    15.7I    15.0I    -9.9M
  1917    13.3I    14.5     15.5     15.1     15.9     16.3     15.9     16.2     16.1     15.5     15.1     14.3 
  1918    14.3     12.3     14.7     14.7     16.4     15.9     15.7     15.5     15.8     15.7     15.7     14.7 
  1919    14.8     15.1     14.3     15.9     16.6     15.8     15.8     15.8     15.6     15.9     15.1     15.5 
  1920    14.1     13.0     14.8     16.0     16.1     15.8     15.1     15.2     15.8     15.7     15.8     14.5 
  1921    15.1     13.0     14.2     15.7     17.4     16.4     15.9     16.2     16.0     16.1     15.4     14.7 
  1922    14.2I    14.5     13.7     15.9     16.7     16.1     15.3     15.9     15.6     15.9     16.1     13.8 
  1923    15.2     13.1     14.9     16.0     -9.9M    -9.9M    -9.9M    -9.9M    -9.9M    -9.9M    -9.9M    -9.9M
  1924    -9.9M    -9.9M    -9.9M    -9.9M    -9.9M    -9.9M    -9.9M    -9.9M    -9.9M    -9.9M    -9.9M    14.5 
  1925    13.8     13.9     15.3     15.5     16.8     16.2     15.9     15.7     15.6     16.0     15.5     15.9 
  1926    14.4     14.3     15.3     16.2     17.4     17.0     16.3     16.2     16.2     16.3     15.0     14.8 
  1927    14.9     15.1     -9.9M    15.3     16.7     16.1I    15.4     15.9     15.3     15.6     15.9     15.4 
  1928    15.2     13.7     14.5     16.5     17.3     16.2     15.8     15.4     15.4     15.4     15.7     15.0 
  1929    12.8     13.3     14.9     15.7     16.7     15.8     15.4     15.4     15.5     15.0     15.3     14.4 
  1930    13.8     13.9     14.9     15.5     16.1     16.0     16.1     15.9     15.4     15.4     15.9     14.1 
  1931    14.6     14.6     14.9     16.0     17.1     16.0     16.0     15.3     15.7     15.6     15.6     15.7 
  1932    13.2     12.8     14.2     15.4     16.0     15.9I    15.3     16.0I    15.8     15.8     15.5     13.9 
  1933    14.7     14.1     14.5     15.8I    15.9     15.8     15.0     15.8     15.4     15.1     14.7     14.1 
  1934    14.5     13.4     14.0     15.7     16.3     16.0     15.9     15.9     16.1     15.6     15.1     14.6I
  1935    14.6     13.8     15.0     15.3     16.8     16.7     15.6     15.5     15.2     15.3     15.1     14.8 
  1936    13.3     14.7     14.8     -9.9M    -9.9M    16.0I    15.6     15.7     15.5I    15.5     15.3     14.8 
  1937    14.6     14.5     14.5     16.4     16.9     16.2     15.6     16.0     15.3     15.4     15.9     13.4 
  1938    14.5     15.1     15.6     16.6     17.0     15.4     15.6     15.8     15.4     15.3     15.1     14.8 
  1939    13.3     14.7     14.8     -9.9M    -9.9M    16.0I    15.6     15.7     15.5I    15.5     15.3     14.7 
  1940    14.6     14.6I    14.5     16.5     16.9     16.2     15.9     15.5     15.8     16.1     16.0     15.4 
  1941    14.9     14.9     14.8     17.1     17.0     16.0     15.7     15.8     16.0     16.2     16.4     14.8 
  1942    14.6     14.5     15.2     16.2     17.4     16.1     15.4     15.5     15.8     15.1     14.8     15.0 
  1943    13.9     13.7     13.9     15.7     15.5     15.0     14.5     15.1     14.9     15.3     14.8     14.2 
  1944    13.5     14.8     14.8     15.5     16.8     16.1     15.7     16.1     15.7     15.5     15.4     14.5 
  1945    13.4     14.4     14.6     15.8     16.2     15.8     15.8     15.6     15.5     15.2     15.4     14.3 
  1946    13.6     14.1     14.9     16.0     16.6     16.0     15.7     15.5I    15.3     15.1     15.5     15.2 
  1947    15.0     13.4     15.2     16.1     16.4     16.2     16.1     15.2     15.3     15.1     14.1     14.3 
  1948    14.4     13.6     15.0     15.4     16.9I    15.7     15.7     15.8     15.6     15.4     14.9     15.3 
  1949    13.4     12.9     14.4     15.9     16.2     15.8     15.8     15.9     15.7     15.6     15.1     15.0 
  1950    13.1     14.4I    14.8     15.1I    16.1     15.4     15.0     15.7     15.0     14.9     14.8     13.9 
  1951    14.8     13.9     15.0     15.7     16.4     15.1     15.4     16.0     15.6     15.6     15.5     14.5 
  1952    15.0     15.2     15.0     16.5     16.3     16.3I    -9.9M    15.1I    15.9     15.4     15.3     15.0 
  1953    14.4     14.4     15.2     16.3     17.0     17.0     15.4     16.1     15.8     16.4     15.5     15.3 
  1954    15.7     15.1     16.0     16.1     17.2     16.1     15.9     15.5     15.9     15.6     15.5     15.2 
  1955    14.9     15.6     15.3     15.6     16.7     15.3     15.5     16.1I    16.0     16.0     15.4     14.5 
  1956    14.1     14.1     15.1     16.2     16.7     15.7     15.5     15.3     15.7     15.9     15.6     14.1 
  1957    14.1     14.6     14.4     16.0     16.9     16.5     16.0     15.8     16.1     15.8     16.4     15.8 
  1958    15.5     15.3     15.8     16.8     17.7     17.0     16.7     16.0     16.5     15.8     15.8     15.8 
  1959    14.7     14.5     14.4     16.6     17.6     16.2     15.7     16.2     16.1     16.1     16.0     15.4 
  1960    15.0     15.0     14.6     16.4     16.8     16.4     15.7     16.1     15.5     16.2     15.7     15.3 
  1961    14.6     15.0     16.3     17.0     16.5     16.0     15.7     15.7     15.7     15.8     15.7     15.0 
  1962    15.2     15.4     16.1     17.3     16.7     16.4     15.2     15.5     15.5     15.8     15.7     15.3 
  1963    14.6I    15.3     16.0     16.9     17.1I    15.9     15.7     16.1     16.0     15.4     16.0     15.5I
  1964    15.5     15.0     16.6     17.1     17.4     16.0     15.5     15.3     15.3     15.7     14.4     14.5 
  1965    13.9     14.9     15.9     16.4     16.2     15.6     15.3     15.2     15.6     15.6     15.8     15.3 
  1966    15.5     16.0     16.3     17.5     17.3     16.4     16.0     16.3     15.7     15.6     15.5     15.4 
  1967    15.0     15.0     16.1     16.9     17.3     16.3     15.3     15.7     15.9     15.5     15.8     15.3 
  1968    14.5     15.8     16.7     17.1     16.6     16.1     15.0     15.5     15.4     16.0     15.7I    -9.9M
  1969    15.3     16.2     16.9     18.3     17.5     16.0     15.7     16.2     15.8     15.9     15.8     15.7 
  1970    15.2     15.3     16.9     17.4     17.4     16.3     15.9     15.8     16.3     15.3     16.1     15.2 
  1971    15.4     14.8     15.8     17.0     16.8     15.1     15.4     15.4     15.5     15.4     15.4     15.4 
  1972    15.1     14.6     16.1     16.8     16.4     16.7     16.1     15.7     16.1     16.5     16.4     15.6 
  1973    15.3     16.4     17.7     18.1     18.1     16.6     16.4     14.9     16.1     16.3     15.3     15.0 
  1974    13.3     15.3     16.2     17.0     16.4     15.9     15.6     15.5     15.2     15.2     15.2     14.7 
  1975    14.0     15.1     16.7     17.1     16.9     15.3     16.0     15.7     15.7     15.1     15.6     14.9 
  1976    13.2     14.2     15.5     16.2     17.0     16.4     15.8     15.7     15.8     15.6     15.9     15.1 
  1977    14.0     14.6     15.9     16.5     16.8I    16.1     15.6     15.9     16.0     16.0I    15.9     15.3 
  1978    14.7     15.2     16.3     16.8     16.8     15.7     15.1     14.9     15.1     15.9     14.7     14.7 
  1979    14.4     15.4     15.4     16.6     16.7     16.3     15.6     15.7     15.6     16.2     16.0     15.5 
  1980    14.2     14.7     15.2     17.0     17.6     16.2     15.5     15.5     15.9     15.7     15.5     14.9 
  1981    14.0     14.8     16.5     16.7     17.4     15.8     16.0     15.6     15.4     16.0     15.6     14.4 
  1982    13.2     14.6     16.1     16.6     16.8     16.0     15.4     15.9     16.2     16.1     16.0     14.8 
  1983    14.8     16.5     17.2     18.0     17.9     17.2     16.5I    16.7     15.7     16.2     15.2     15.8 
  1984    15.2     15.1     16.5     17.1     17.4     15.7     14.3     15.7     15.2     14.8I    15.2     15.0 
  1985    15.2     15.9     16.0     17.0     16.9     15.1     15.0     15.7     15.7     15.6     15.3     15.6 
  1986    14.6I    14.9     15.8     17.0     17.5     16.4     15.9     15.7     15.5     16.2     15.3     15.9 
  1987    15.6     15.0     16.7     17.8     17.1I    16.6     16.6     16.2     16.7     16.9     16.0     15.8 
  1988    15.4     16.5     17.6     17.5     17.6     16.5     16.1     16.1     15.8     16.3     15.9I    14.9 
  1989    14.9     15.0     16.1     17.1     16.9     15.6     15.8     15.6     -9.9M    -9.9M    16.3I    15.2I
  1990    14.7     16.4     16.8     17.7     17.1     15.8     15.6     15.5     -9.9M    16.5     15.8     -9.9M
  1991    15.2     15.6     16.7     17.1     17.7     16.3     16.1     16.2     16.5     15.4     15.6     14.8 
  1992    14.6     14.4     16.5     17.6     17.1     15.7     15.5     15.7     15.7     15.4I    15.8     14.9 
  1993    14.4     15.0     16.3     17.3     17.1     16.5     15.2     15.9     16.3     16.0     16.3     15.9 
  1994    15.5     15.8     16.2     17.0     17.4     16.0     15.7     15.8     -9.9M    -9.9M    -9.9M    15.8 
  1995    15.4     15.3     16.5     17.5     17.2     16.5     16.2     16.2     16.2I    16.3     16.2     14.7 
  1996    14.5     15.6     16.4     17.2     17.7     16.5     15.5     15.7     15.7     15.8     15.9     15.2 
  1997    14.4     14.7     16.8     16.9     17.5     17.0     16.7     16.5     16.6     16.6     16.7     16.2 
  1998    16.1     16.8     17.8     18.6     18.7     17.0     16.3     16.2     15.9     16.1     15.8     15.3 
  1999    15.3     16.0     16.3     16.5     16.6     15.7     15.4     16.0     16.1     15.7     15.9I    15.0 
  2000    15.0     15.6     16.0     17.0     17.5     15.8     15.6     15.2     16.1     15.7     15.8     15.7 
  2001    15.6     15.7     16.8     17.1     17.8     16.1     16.0     15.8     16.2     16.1     15.7     15.1 
  2002    15.3     15.8     17.0     17.3     17.5     16.5     16.0     15.9     16.3     16.4     16.3     15.7 
  2003    15.3     16.0     16.6     17.2     17.6     17.3I    16.6I    16.1     16.5     16.5I    16.4     15.3 
  2004    15.8     15.8     17.1     17.5     16.6     15.8     15.8     16.3     16.1     16.2     16.2     15.8 
  2005    15.8     16.4     17.0     17.8     17.7     16.6     16.0     16.5     15.9     16.1     16.2     15.0 
  2006    15.1     15.8     16.3     16.5     16.8     16.8     15.7     16.2     16.3     16.4     16.5     15.3 
  2007    14.9     15.1     16.5     17.1     17.7     16.8     16.3     16.4     16.1     15.7I    15.9     15.3 
  2008    15.4     15.4     16.0     17.1     17.5     16.5     16.0I    16.6     16.5     16.2     16.1     15.1 
  2009    14.4     14.9     16.5     16.6     16.3I    15.8     15.5I    16.5     16.3     16.1     16.0     16.3 
  2010    15.6     17.0     17.3     17.8     17.9     16.8     16.1     16.3     16.3     15.9     16.0     15.3 
  2011    15.0     15.6     16.0     -9.9M    -9.9M    -9.9M    -9.9M    -9.9M    -9.9M    -9.9M    -9.9M    -9.9M
 
 
 
 
  
 
 
 
