



                              STATION NAME : PUTTALAM                
                              LAT:  8.03N    LON: 79.83E    ELEV:    2.1M
                              ELEMENT : Temp mean mly    in Degrees C           
                              Missing data values are coded as -9.9M 
 
  YEAR     JAN      FEB      MAR      APR      MAY      JUN      JUL      AUG      SEP      OCT      NOV      DEC
 
  1869    26.2I    26.7     28.4     29.2     29.1     -9.9M    28.1I    27.9     27.8     27.3     26.3     25.8 
  1870    25.7     25.4     27.5     -9.9M    -9.9M    -9.9M    -9.9M    27.1     27.4     27.0     26.3     25.3I
  1871    25.5     25.6     27.2     27.9     28.5     28.0     27.0     27.8     27.7     27.4     26.7I    25.8 
  1872    25.5     26.2     27.8     28.1     28.8     28.3     27.8     27.7     27.2     27.5     26.5     25.9 
  1873    25.4     -9.9M    27.0I    -9.9M    28.0     -9.9M    -9.9M    27.7     27.6     27.8     26.3     26.3 
  1874    25.3     26.4     27.5I    28.9     28.3     28.3     27.5     27.9     27.6     27.4     27.0     25.3 
  1875    25.2     25.8     27.6     28.3     28.6     27.7     27.5     27.9     28.0     27.5     26.7     25.1 
  1876    25.1     25.2     28.1     29.1     28.3     28.0     27.5     27.3     27.8     27.8     26.3     25.1 
  1877    25.4     26.5     27.1     28.1     28.2     27.5     27.9I    27.8     27.3     27.1     26.6     26.3 
  1878    26.4     26.9     28.4     28.8I    28.6     27.5     27.3I    27.2     27.4I    27.7     26.9     26.7I
  1879    26.8I    26.8     27.6     28.6I    28.2     27.4I    27.5     27.4I    27.6I    26.9I    27.1     26.4 
  1880    24.9I    26.7     27.5     28.3     28.7     28.3     27.4     27.3     27.9     28.5     26.7     26.1 
  1881    25.3     25.9I    27.8     -9.9M    -9.9M    -9.9M    27.4     27.3I    27.7     28.1     27.0     25.8I
  1882    25.8     26.2     28.1     28.6     28.2     27.5     26.8     27.3     27.7I    27.4     26.9     25.1I
  1883    25.5     25.8     27.6     28.6     28.2     28.0     27.7     27.8     28.0I    27.6     25.7     -9.9M
  1884    25.1     25.5     27.8     28.9I    28.2     28.4     27.8     -9.9M    27.9I    27.5     26.7I    25.1I
  1885    -9.9M    26.2I    27.6     28.2     28.6     27.2     27.2I    27.9     27.9     26.5     26.2     26.1 
  1886    25.9I    26.8     27.7     28.0     28.2     27.6     27.4     26.4     26.7     26.8     25.9     24.5I
  1887    23.7I    24.4     25.8     26.5     26.9     26.0     26.3     26.6     26.2     25.4     25.6     24.4 
  1888    24.1     25.0     26.9I    28.8     28.5     27.9     27.9     27.9     27.9     27.3     26.4     25.2 
  1889    25.2     25.9     28.0     28.1     28.6     28.0     27.9     28.0     27.6     26.9     25.9     25.0 
  1890    24.3     25.3     27.6     27.5     27.4     26.5     26.6     26.7     26.8     26.4I    25.4     -9.9M
  1891    23.0     24.4     26.0I    26.7     27.1     26.2     26.3     26.9     27.4     25.8     25.2     25.0 
  1892    24.0     25.2     26.3     27.8     28.8I    28.3     27.3     -9.9M    -9.9M    27.2     -9.9M    -9.9M
  1896    -9.9M    -9.9M    -9.9M    -9.9M    -9.9M    -9.9M    26.6I    27.1     27.2     25.9I    26.0I    24.8 
  1897    24.3     25.4     27.0     27.1     28.2I    27.3     27.3     27.3     27.4     27.0     25.4     24.3 
  1898    23.6     24.5     25.2     27.6     28.0     27.8     27.4     27.2     27.3     26.3     25.0     24.3 
  1899    23.6     24.1     25.6     26.6     27.4I    27.2     26.9     26.9     26.6     26.4     25.0     24.1 
  1900    24.4     25.5I    27.0     27.5     28.1     27.5     27.1     27.1     27.0     26.2     25.9I    -9.9M
  1901    -9.9M    -9.9M    25.9     26.9     27.4     27.1     26.7     26.8     27.1     26.5     25.3     24.3 
  1902    23.3     -9.9M    26.1     26.9     28.1     27.8     27.3     28.1     27.4     26.2     26.1     25.6 
  1903    26.0     26.4     27.2     28.3     27.6     27.7     27.6     27.4     27.4     26.9     25.8     24.9I
  1904    24.5I    24.7I    26.5     28.3     28.5     -9.9M    26.9     27.0     27.2     26.7     26.1     24.6 
  1905    25.4     26.2     27.5     27.2     27.8     27.6I    -9.9M    28.1     28.2     26.9     27.0     25.6 
  1906    25.9     27.3     28.2     28.8     28.6     28.0     27.9     27.6     28.1     27.1     26.1     25.7 
  1907    25.4     25.8     27.1     27.7     28.8     28.2     27.7     27.5     28.0     27.2     26.2     25.0 
  1908    25.4     25.6     27.2     28.7     28.5     28.1     27.7     28.1     28.0     27.1     25.9     25.2 
  1909    25.5     25.6     27.1     28.1     28.4     27.9     27.8     27.7     27.8     27.2     26.4     26.0 
  1910    25.5     26.0     27.2     28.0     28.7     28.6     27.6     27.5     27.5     27.3     25.9     24.4 
  1911    24.8     25.6     26.0     27.8     28.7     27.5     27.2     -9.9M    -9.9M    -9.9M    -9.9M    -9.9M
  1912    -9.9M    26.3     27.4     27.8     28.3I    27.5     27.4     27.8     27.6     26.9     25.9I    25.7I
  1913    24.6     26.1     27.3     28.5     29.0I    28.6     27.9I    27.8     28.0I    27.6     26.3     25.9 
  1914    25.7     26.1I    27.9     28.8     29.5     28.8     28.9     28.4     28.9I    27.1I    26.5     26.0I
  1915    26.2I    26.5I    28.4     28.6     29.3     28.7     27.7     27.9     28.1     27.6     26.5     25.5 
  1916    24.7     26.1     27.3     28.6     28.1     28.1     28.0     27.8     27.5     27.0     25.9     25.0 
  1917    24.6     25.7I    26.2     27.8     28.0     28.0     27.8     27.8     27.2     26.9     26.2     24.6 
  1918    24.4     24.2     27.2     27.9     28.0     28.1     28.0     27.8     27.7     27.1     26.4     25.2 
  1919    26.0     26.9I    27.1     28.8     28.4     27.7     27.8     27.7     27.4     27.2     26.3     25.8 
  1920    25.5     26.6     27.7     27.6     28.5     27.7     27.5     27.7I    27.8     27.1     25.9     25.2 
  1921    26.0I    25.3     27.7     27.7     29.3     28.6     27.9I    27.9     28.2     27.1     26.3     25.2 
  1922    25.4     25.9     -9.9M    28.4I    28.2     28.6     27.5     27.5     27.7     26.8     25.9     24.7 
  1923    25.2I    25.5     27.4     28.7     28.4     28.1     27.8     27.8     28.1I    27.2     26.5     25.5 
  1924    25.7     26.6     27.3I    28.4     28.5     27.5I    27.5     28.1     27.7     27.1     26.2     25.5 
  1925    24.8     25.8     26.7     27.9I    28.5     28.3     27.9     27.7     27.7     27.7     26.4     25.9I
  1926    25.7I    26.5     28.4     29.2     28.2     28.5     28.0     28.6     28.1     27.6     26.4     26.2 
  1927    25.8     26.7     27.4     28.0     27.9     27.6     27.3     27.8     27.3     27.0     26.0     25.7I
  1928    25.6     25.7     26.9     28.1     29.3     28.6     27.3I    27.6     28.3     27.1I    26.4     25.8 
  1929    25.5I    26.1     27.5     27.6     28.4     27.9     27.7     27.7     27.7     27.1     26.2I    25.3I
  1930    25.1     26.2     27.3     28.1I    27.7     28.0     28.0     27.6     27.3     26.3     26.5I    25.6 
  1931    25.2     27.2I    27.9I    28.1     28.8     28.7     28.3     28.0     27.8     27.7     26.5I    25.6 
  1932    25.5     25.5     27.1     27.9     27.8     27.9     27.7     27.4     27.5     26.9     26.1     25.4 
  1933    25.6     26.1     27.5     28.1     27.5     27.6     27.2     27.3     27.3     26.6     25.9I    25.2 
  1934    25.2     25.1     26.1I    -9.9M    -9.9M    28.2     28.1     28.0     28.2     27.1     25.7     25.2I
  1935    26.1     26.2     27.1     28.0     29.0     28.1     27.5     27.6     27.6     26.9I    26.1I    25.5I
  1936    24.9     26.7     27.5     28.7I    28.0     27.7     27.8     27.6     27.4     27.1     26.3     25.6 
  1937    25.4     26.6     27.0     27.9I    28.8     28.5     28.0     28.2     28.2     27.1I    26.3     25.0 
  1938    25.6I    26.6     27.1     27.6     29.0     28.4     27.8     27.9     28.3     27.3     26.5     26.0 
  1939    24.8     26.0     27.7     27.8     28.4     28.0     27.8     27.6     28.3     27.9     26.4     25.5 
  1940    25.1     26.6     27.9     28.2     28.2     28.4     28.1     27.9     28.6     27.4     26.5     26.1 
  1941    26.2     27.2     28.2     29.1     29.2     28.4     28.7     28.7     28.5     28.0     26.8     25.8 
  1942    25.6     27.4     28.1     28.6I    29.0     28.4     28.0     27.8     28.3     27.6     26.8     26.0 
  1943    25.8     25.9     27.0     27.8     28.4     27.5     27.2     27.5     27.7     26.9     26.2     25.8 
  1944    25.6     26.4     27.3     28.2     28.4I    28.5     28.3     28.5     28.1     27.4     26.5     25.8 
  1945    24.8     26.2     27.6     28.3     29.4     28.5I    27.7     28.0     28.3     26.8     25.9     24.8 
  1946    24.4     26.5     27.5     28.0     29.1     28.8     28.2     28.3     28.2     27.4     26.4     25.9 
  1947    26.0     25.8I    27.1     28.2     28.5     28.3     28.4     27.8     27.9     26.8     26.6     25.3 
  1948    25.9     27.0     28.1     28.6     29.0     28.4     28.2     27.5     28.4     27.4     26.9     25.5 
  1949    25.1     25.4     27.9I    27.8     28.5     28.2I    28.2     28.3     28.1     27.5     26.5     25.2 
  1950    25.1     26.6     27.7     27.8     29.4     28.0     27.8     27.8     28.0     26.7     26.1     25.3 
  1951    25.1     24.9     27.5     27.8     28.2     27.7     27.7     28.2     27.8     27.3     26.4     25.7 
  1952    25.5     26.4     27.3     28.4     29.3     28.8     28.1     27.7     28.2     27.3     26.1     25.8 
  1953    25.6     26.2     27.8     28.1     29.9     29.4I    27.7     28.7     28.4     27.2     26.2     25.8 
  1954    26.0     26.5I    27.3     28.4     29.0     28.8     27.9     28.3     28.5     27.1     26.0     25.8 
  1955    25.9     26.4     27.9     28.1     28.1     27.8     28.1     28.3     28.0     27.7     26.3     25.0 
  1956    25.3     25.6     27.6     28.8     29.0     28.1     28.0     28.0     28.2     27.8     26.9     25.9 
  1957    25.6     26.4     27.4     28.6     28.5     28.4     28.5     28.3     28.6     28.0     26.8     25.8 
  1958    26.4     26.6     27.9     28.5     28.7     29.0     28.8     28.1     28.9     28.1     26.8     26.2 
  1959    26.4     27.3     27.9     28.6     28.8     28.5     28.4     28.7     28.5     27.7     26.6     26.1 
  1960    26.1     26.3I    27.5     27.9     28.2     28.6     27.6     27.9     28.1     27.4     26.0     26.0 
  1961    26.1     26.0     27.8     28.6     28.7     27.9     27.7     28.3     28.3     27.9     26.7     25.6 
  1962    24.9     26.7     27.4     28.6I    28.5     28.7     28.3     28.7     28.4     27.2     26.4     25.8 
  1963    25.3     26.3     27.6     28.3     28.8     28.8     28.4     29.3     28.7     27.1     26.5     25.9I
  1964    25.4     27.2     28.0     29.1     30.1     29.3     28.5     28.5     28.2     27.4     26.4     25.6 
  1965    25.6     26.5     27.7     28.4     28.5     28.8     28.9I    28.6     29.0     27.5     27.0     26.0 
  1966    26.4     27.5     28.4     28.8     29.6     28.9     28.8     29.2I    28.8     27.2     27.0     26.1 
  1967    25.7     26.1     28.1     28.7     29.3     28.9     28.6     28.8     28.5     27.2     26.4I    26.1 
  1968    25.9     26.5     28.0     28.1     29.4     28.8     28.3     28.7     28.7     28.0     26.6     26.1 
  1969    25.7     27.0     28.9     29.2     29.2     29.2I    28.5     28.4     29.1     27.5     26.9     26.1 
  1970    26.1     26.9     28.1     28.5     28.9     29.2     28.6     28.8     28.7     28.0     26.5     24.8 
  1971    25.4     26.0     27.8     28.3     28.7     28.3     28.2     28.2     28.4     27.7     26.3     25.0 
  1972    25.3     25.9     27.6     28.8     28.0     29.5     29.1     28.9     28.9     27.3     26.9     26.8 
  1973    26.2     28.1     28.4     29.4     29.4     28.8     28.8     28.1     29.0     27.9     26.6     25.4 
  1974    24.7     26.0     28.0     28.1     28.6     28.6     28.5     28.2     27.9     27.6     26.9     26.0 
  1975    25.6     26.9     27.8     28.3     29.0     28.6     28.3     28.3     28.2     28.0     26.6     25.1 
  1976    25.1     26.0     27.3     28.4     29.5     29.5     29.1     28.6     29.1     27.6     27.1     26.5 
  1977    25.3     27.0     27.8     28.6     27.9I    28.7     28.1     28.3I    28.8     26.8     26.9     26.0 
  1978    25.7     27.3     27.9     28.6     28.4     28.5     27.9     27.7     28.5     27.5     26.4     26.3 
  1979    26.4I    27.5     27.7     28.7     29.2     29.3     28.4     28.0     27.5     27.3     26.3     -9.9M
  1980    25.9I    27.0     28.4I    29.3     -9.9M    -9.9M    28.8     28.9     28.7     27.6     27.0     26.4 
  1981    25.9     26.7     29.0     29.0     28.7     28.0     28.5     28.5     28.2     27.7     27.1     26.1 
  1982    26.1     27.0     28.5     29.6     28.8     28.7     28.5     28.7     28.7     27.3     26.8     25.6 
  1983    25.9     27.2     28.5     29.8     29.7     29.5     29.0     28.8     27.9     27.7     26.0     25.6 
  1984    25.8     26.1     27.6     27.8I    29.2     28.4     27.3     27.8     27.6     27.1     26.3     25.5 
  1985    26.2     26.5     27.8     28.9     28.6     27.6     27.9     28.2     28.0     27.6     25.8     25.8 
  1986    25.1     26.6     27.8     29.0     29.1     29.1     28.6     28.1     28.3     27.8     26.8     26.9 
  1987    26.4     26.4     29.0     29.1     29.3     29.8     29.2     28.9     28.9     27.5     27.4     26.7I
  1988    26.5     27.4     29.3     28.6     30.0     28.8     29.0     29.0     28.3     28.6     26.3     26.5I
  1989    26.4     26.4     27.8     29.6     29.7     28.7     28.7I    28.8I    29.1I    28.4     27.1     26.6 
  1990    25.6     28.0     29.2     30.4     29.2     29.2     28.9     28.7     29.6     28.4     27.3     26.4 
  1991    26.3     27.0     29.3     29.4     29.9     28.7     29.1     29.5     29.8     28.1     27.1     26.5 
  1992    25.8     26.9     28.5     29.9     29.4     29.2     28.4     28.5I    28.9     27.8     27.1     25.6 
  1993    25.6     27.0     28.5     29.1     29.3     29.3     28.3     28.7     29.0     27.6     26.7     25.8 
  1994    26.0     26.7     28.0     29.1I    30.0     29.2     28.7     28.8     29.0     27.3     26.8     26.2 
  1995    26.5     27.0     28.5     28.7     29.2     29.4     28.9     28.9     29.4I    29.1     27.2     26.2 
  1996    -9.9M    27.0     28.8     29.3     30.1     28.8     28.8     28.9     28.8I    28.0     27.2     26.1 
  1997    26.5     27.1     29.2     29.7     29.6     29.5     29.8     29.8     29.1     28.5     27.7     27.6 
  1998    27.5     28.5     29.8     31.0     30.4     30.2     29.2     29.1     29.2     28.7     27.7     26.6 
  1999    25.9     27.5     28.6     29.0     29.1     28.9     29.0     29.4     29.6     27.8     27.4I    26.2 
  2000    26.4     27.4I    27.7     29.0     29.8     28.9     28.8     28.3     28.2     27.9     27.1     26.0 
  2001    26.0     26.2     28.4     28.3     29.9     28.5     28.4     28.7     28.8     28.7     27.2     26.4 
  2002    26.7     27.5     28.7     28.2     29.4     29.1     28.7     28.7     29.3     27.6     27.0     26.1 
  2003    26.0     27.6     28.2     29.0     29.5     29.1     29.1     29.0     29.3     27.8I    27.1     26.8 
  2004    27.2     27.2     28.6     29.1     28.7     28.7     28.6     29.1     28.5     27.8     27.0     26.1 
  2005    26.5     27.2     28.9     28.6     29.6     29.5     28.8     29.1     28.9     28.3     26.1     26.9I
  2006    25.4     26.6     27.7     28.8     29.3     29.0     28.5     28.8     28.2     27.5     27.2     26.0 
  2007    25.9     26.6     27.9     28.6     29.7     28.9     28.3     28.6     28.6     27.6     26.5     25.9 
  2008    25.8     26.7     27.2     28.1     29.5     29.4     28.6     28.5     28.4     27.4     26.7     25.9 
  2009    25.3     26.2     27.5     28.6     29.9     28.9     28.6     28.6     28.7     28.1     27.0     26.5 
  2010    26.1     27.5     29.0     29.3     29.5     29.3     28.8     28.2     28.3     27.9     27.5     25.6 
  2011    25.2     25.8     27.4     27.8     -9.9M    -9.9M    -9.9M    -9.9M    -9.9M    -9.9M    -9.9M    -9.9M
