



                              STATION NAME : RATMALANA               
                              LAT:  6.82N    LON: 79.88E    ELEV:    5.0M
                              ELEMENT : Temp mean mly    in Degrees C           
                              Missing data values are coded as -9.9M 
 
  YEAR     JAN      FEB      MAR      APR      MAY      JUN      JUL      AUG      SEP      OCT      NOV      DEC
 
  1951    25.9     25.3     27.0     27.4     27.6     26.8     26.4     27.5     27.1     27.0     26.3     26.1 
  1952    26.0     26.5     27.1     27.6     28.1     27.2     27.1     27.7     27.8     26.6     26.2     26.3 
  1953    26.2     26.0     27.3     27.5     29.2     28.5     28.5I    28.1     27.9     27.1     27.1     26.9 
  1954    26.6     26.9     27.1     28.0     28.1     28.4     27.3     27.0     27.4     26.4     26.5     26.0 
  1955    26.6     26.6     27.2     27.7     27.6     27.0     27.2     27.9     26.8     27.3     26.5     26.2 
  1956    26.2     26.0     27.3     28.1     27.9     27.4     27.3     27.0     27.3     26.4     26.6     26.5 
  1957    26.3     26.5     27.3     28.1     28.0     28.1     27.9     27.9     27.9     27.2     26.6     26.3 
  1958    27.0     26.8     27.7     28.1     28.1     27.8     28.2     27.4     27.6     27.2     26.5     26.8 
  1959    26.8     26.7     27.6     28.1I    28.2     27.3     27.5     27.5     27.2     27.2     26.9     26.7 
  1960    -9.9M    26.6     27.5     28.0     28.0     28.3     27.3     27.7     27.3     26.9     26.3     26.9 
  1961    26.9     26.3     27.6     28.0     28.0     27.8     27.1     27.4     26.7     26.8     26.7     26.6 
  1962    26.4     26.9     27.2     27.9     27.9     28.3     28.0     27.4     27.3     27.1     26.9     26.9 
  1963    26.6     26.6     27.4     28.0     28.2     27.8     27.0     28.3     27.5     26.5     26.8     26.8 
  1964    26.8     27.2     27.6     28.4     28.8     27.9     27.1     27.3     27.5     27.0     26.7     26.1 
  1965    26.3     26.4     27.0     27.5     27.6     28.1     27.7     27.4     27.3     26.8     26.9     26.3 
  1966    26.4     27.1     27.6     27.5     28.6     27.3     27.6     28.1     27.0     26.7     26.5     26.3 
  1967    26.1     26.2     27.2     28.0     27.8     27.4     27.1     27.6     26.7     26.5     26.6     26.5 
  1968    26.1     26.1     27.4     27.7     28.5     27.6     26.8     27.6     27.1     27.0     26.4     26.4 
  1969    26.3     26.6     27.8     28.4     28.0     28.2     27.6     27.2     28.0     26.8     26.8     26.4 
  1970    26.4     26.8     27.6     27.8     27.8     28.4     27.1     27.4     27.1     26.8     26.3     25.7 
  1971    26.0     25.9     26.9     27.4     27.9     27.6     27.0     27.1     26.7     26.7     26.5     25.5 
  1972    25.9     25.5     26.7     27.5     27.5     28.1     27.9     27.6     27.3     26.6     26.6     26.8 
  1973    26.0     27.7     27.6     28.6     28.2     28.1     27.7     27.2     27.3     26.8     26.3     25.9 
  1974    25.5     26.1     27.1     27.2     27.8     27.7     27.0     27.0     26.5     26.4     26.5     26.3 
  1975    25.7     26.5     27.0     27.4     28.0     27.1     26.8     26.9     26.9     27.4     26.3     26.0 
  1976    26.1     26.2     26.9     27.6     28.3     27.8     27.5     27.3     27.7     26.7     26.6     26.5 
  1977    26.0     26.8     27.5     28.4     27.4I    27.7     27.5     27.4     27.8     26.2     26.5     26.7 
  1978    26.8     27.0     27.4     27.8     27.4     27.2     26.7     26.6     27.2     26.2     25.8     26.1 
  1979    26.6     27.1     27.9     28.5     28.7     27.9     27.6     27.3     26.6     26.7     26.3     26.6 
  1980    26.5     26.4     27.7     28.3     29.2     28.3     28.1     27.7     28.0     27.2     27.0     26.7I
  1981    26.0     26.5     28.2     28.4     28.4     27.9     28.4     27.9     27.2     26.7     26.9     26.5 
  1982    26.5     26.7     27.6     28.6     28.0     28.2     27.7     28.0     27.9     27.1     26.9     26.6 
  1983    26.9     27.3I    27.2I    28.5     28.2     28.4     27.8     28.2     27.2     27.6     26.9I    26.7 
  1984    26.4     26.6     27.5     27.9     28.6     27.8I    27.2     27.8     27.3     27.3     26.7     26.7 
  1985    27.1     27.0     27.9     28.7I    28.8I    27.1     27.8     27.6     -9.9M    -9.9M    -9.9M    -9.9M
  1987    -9.9M    -9.9M    -9.9M    -9.9M    -9.9M    -9.9M    29.5     28.0     28.6     27.7     27.9I    27.7 
  1988    28.0     27.7     29.0     28.9     30.1     28.6     28.2     28.2     28.0     28.8     27.6I    27.3 
  1989    27.3     27.0     27.9     28.9     28.7     27.9     27.8     28.7     28.3     27.7     27.9     27.7 
  1990    26.7     28.6     28.7     29.1     29.0     28.8     27.6     28.4     28.8     28.0     27.5     27.2 
  1991    27.4     27.2     28.5     29.0     29.3     28.6     28.8     28.8     28.9     27.5     27.3     27.0I
  1992    27.1     27.1I    28.5     29.2     28.8     28.8     27.8     28.4     27.7     27.7     27.1     26.9 
  1993    27.1     27.8     28.4     29.0     28.4     28.8     28.1     28.6     28.2     27.6     27.4     27.3I
  1994    27.1     27.6     28.4     28.9     28.9     28.7     28.4     28.2     27.8     26.9     27.2     27.8 
  1995    27.7     28.0     28.5     28.5I    28.8     28.4     28.6     28.4     28.6I    28.1     27.5     27.5 
  1996    27.4     27.3     28.4     28.8     29.6     28.2     27.7     28.3     27.8     27.8     27.4     27.0 
  1997    27.2     27.2     28.2     28.7     28.7     28.5     28.5     28.9     27.8     27.7     27.6     27.8 
  1998    28.1     28.9     29.5     30.0     30.2     29.1     28.6     28.6     28.6     28.2     27.6     27.2 
  1999    27.1     28.0     28.5     28.4     28.3     28.4     28.5     28.2     28.3     27.3     27.8     27.3 
  2000    27.4     27.8     28.2     29.0I    29.0     28.3     28.4     27.9     27.5     28.0     27.6     27.4 
  2001    27.0     27.0     28.7     28.3     29.3     27.9     28.0     28.7     27.9     28.3     27.5     27.5 
  2002    27.2     27.9     28.4     28.4     28.8     28.6     28.5     28.3     28.7     27.3     27.2     26.9 
  2003    27.0     27.8     28.2     28.9     29.2     28.8     28.5     28.7     28.4     27.8     27.4     27.7 
  2004    28.2     28.1     28.7     28.6     28.9     28.6     28.5     28.6     27.5     27.6     27.4     27.2 
  2005    27.8     28.0     28.8     28.8     29.1     27.5     28.4     28.9     28.3     27.6     26.9     27.1 
  2006    26.9     27.9     28.2     29.3     28.7     28.6     28.5     28.0     28.3     27.8     27.5     27.2 
  2007    27.4     27.6     28.6     28.4     29.4     28.9     28.4     28.5     28.3     27.2     27.4     27.0 
  2008    26.9     27.3     27.8     28.0     29.0     28.3     28.2     28.1     28.2     27.7     27.7     27.4 
  2009    27.2     27.4     28.3     29.0     29.6     28.5     28.5     28.7     28.5     28.3     27.4     27.7 
  2010    27.7     28.5     29.3I    29.3I    29.1     29.2     28.3     28.5     28.2     28.3     27.3     26.7 
  2011    26.6     27.3     28.6     -9.9M    -9.9M    -9.9M    -9.9M    -9.9M    -9.9M    -9.9M    -9.9M    -9.9M
