



                              STATION NAME : RATNAPURA               
                              LAT:  6.68N    LON: 80.40E    ELEV:   34.4M
                              ELEMENT : Temp mean mly    in Degrees C           
                              Missing data values are coded as -9.9M 
 
  YEAR     JAN      FEB      MAR      APR      MAY      JUN      JUL      AUG      SEP      OCT      NOV      DEC
 
  1869    -9.9M    -9.9M    -9.9M    -9.9M    -9.9M    -9.9M    -9.9M    -9.9M    27.0     26.7     26.3     26.6I
  1870    26.0     27.3     27.5     28.1     27.6     27.2     27.2     26.9     26.5     26.1     26.6     26.3 
  1871    26.2I    27.0     27.1     27.6     27.7     27.2     26.4     27.4     26.9     27.3     27.0     26.8 
  1872    26.7     27.5     28.4     27.8     28.7     27.7     27.8     27.7I    27.5I    27.6I    26.7     26.7 
  1873    27.2     27.3I    28.4     28.3     28.4     27.6     27.5     27.5     27.2     27.3I    27.3I    27.2I
  1874    27.1     27.7I    27.6I    27.8I    27.0I    -9.9M    26.0I    26.4I    25.9I    25.9I    26.1I    25.6I
  1875    25.7     26.9I    26.6     27.3     27.5I    26.4     26.8     26.4I    26.1I    26.1I    26.1I    -9.9M
  1876    26.0I    27.5I    28.2I    28.4I    27.2I    26.7     26.5     26.6     26.9I    -9.9M    26.3     26.0I
  1877    27.1I    26.9     27.2I    27.4     26.7I    26.1     27.0     26.3     26.1     25.7     25.4     25.8 
  1878    25.8     26.9     27.6     27.7I    27.0     25.6     26.5     26.0     25.8     25.6I    25.7I    26.1 
  1879    25.6     26.5     27.2     27.9     27.6     26.5     26.2     26.7     26.2     26.0     25.9     25.7 
  1880    25.5I    26.9     26.4     27.8I    27.1     27.4I    -9.9M    26.2I    26.7     26.6     25.8     -9.9M
  1881    25.6     27.0     27.8     27.8     28.0     26.8     27.0     26.3I    26.3     26.7     26.0I    25.8I
  1882    26.0     26.0I    27.6I    28.0     27.5     26.5     26.0     -9.9M    26.5     25.7     26.0     25.4 
  1883    25.4     25.9     27.1     27.4     27.6     26.6     26.5     26.7     26.3     26.0     25.7     25.2 
  1884    25.9     26.9     27.2     27.5     27.1     27.0     26.9     26.6     26.5I    26.2     26.1     25.3 
  1885    25.8     26.8     27.8     28.0     27.9     26.6     26.2     26.8     26.6     26.0     26.5I    26.3 
  1886    26.4     26.6     28.0     27.7     27.2     26.5     26.3I    25.5     25.9     25.9     26.0     -9.9M
  1887    -9.9M    -9.9M    -9.9M    -9.9M    -9.9M    -9.9M    -9.9M    -9.9M    -9.9M    25.7I    26.5     25.1 
  1888    26.2     26.7     27.8     27.3     27.0     26.2     26.9     26.3     26.3     26.2     25.1I    25.1I
  1889    26.7     27.3I    28.3     28.2     27.4     26.5     26.1     26.3I    26.0     25.9     26.2     25.7I
  1890    25.3     25.8     27.2     27.2     26.7I    25.7     25.1     25.0I    25.2     25.4I    25.4     24.5 
  1891    23.4     23.6     24.9     27.3     27.0I    25.4     -9.9M    26.0     25.7     27.8     27.2     27.1I
  1892    26.6     27.4     28.1     28.4     28.8     27.9     27.7     26.8     27.3I    26.2I    26.5     26.5I
  1893    26.2I    26.9I    27.5I    27.5     27.1     26.6     26.4     26.6     26.4     26.5     26.5I    26.9I
  1894    27.2I    27.9     27.8I    28.3I    28.3     27.8     27.6I    27.3I    27.4     26.9     27.3     26.9 
  1895    27.2     28.2     28.9I    28.6     28.7     28.5     27.9     27.9     27.7     27.9     28.5     27.3 
  1896    27.8     27.7     29.1     29.2     29.3     29.2I    30.0     29.4     29.8     29.8     30.2     28.2I
  1897    -9.9M    -9.9M    29.0     28.3     28.5     27.6     27.5     27.4     27.1     28.0I    27.9     26.9 
  1898    27.1     27.8     28.3     28.9     28.6     27.8     27.5     27.0     26.2     27.5     27.1I    27.5 
  1899    27.0     28.1     28.7     28.5     28.1     26.9     27.5     27.5     27.3     27.5     28.0     28.1 
  1900    27.9     29.8I    30.1     29.3     29.8     28.1     27.1     27.8     27.8     29.9     29.0     28.9 
  1901    28.8     29.3     29.0     26.9     -9.9M    -9.9M    -9.9M    -9.9M    -9.9M    -9.9M    -9.9M    -9.9M
  1902    27.0     28.1     29.5     28.3     28.3     27.8     27.2     27.6     27.3I    27.2     27.2     26.9 
  1903    27.7     27.5     28.8     28.6     27.9     27.6     27.3     26.9     27.1     26.9     26.9     27.2 
  1904    26.4     26.9     28.1     28.0     27.8     27.0     26.8     27.8     27.3     27.4     27.1     27.4I
  1905    27.7     26.7     27.4     27.7     28.2     27.5     27.3     27.4     27.0     26.4     26.9     27.0 
  1906    25.9     26.8     27.0     27.8     26.6     28.1     27.2     26.7     26.6     25.9     26.2     26.4 
  1907    26.9     26.9     27.4     27.5     27.2     26.6     26.8I    26.8     -9.9M    26.5I    26.4     26.0 
  1908    26.6     26.9     27.4     28.0     27.3     26.8     26.6     26.8     26.3     26.5     26.7     26.2 
  1909    26.3     27.1     27.6     27.7     27.2     27.0     26.4     25.9     26.7     26.5     26.4     26.4 
  1910    26.8     27.7     28.1     28.1     27.7     26.8     26.6     26.6     26.1     26.2     25.9     26.0 
  1911    -9.9M    27.0     27.7     27.6     27.2     26.5     26.0     26.2     25.8     25.8     26.2     25.9 
  1912    25.6     27.5     27.7I    27.7     27.2     26.4     26.4     26.7     26.2     25.8     26.2I    25.9I
  1913    25.0     26.8     27.8     27.7     27.4     27.5     26.3     26.3I    26.2     26.3I    26.4     25.8I
  1914    27.0     -9.9M    27.8I    24.8I    27.6     27.0     27.0     26.7     26.7     26.3     26.4     25.8 
  1915    26.7I    27.8     28.0     28.5I    27.5     27.2     26.0     27.1     26.7     26.6     26.1I    26.5 
  1916    26.6     27.5     27.9     28.0     27.1     26.7I    26.8     27.0     26.6     26.3     26.3     25.9 
  1917    26.0     26.0     26.8     27.7     27.5     26.5     26.8     26.5     26.0     25.9     26.2     25.8 
  1918    25.5     26.1I    27.9     27.8     26.9     26.6     27.1     26.5     26.7     27.1     27.0     26.3 
  1919    27.4     27.9     28.4     28.8     27.4     27.1     26.4     26.6     26.2     26.9     26.2     26.4 
  1920    26.5     27.8     27.8     27.3     28.2     26.7     26.9     26.7     26.6     27.1     26.6     26.7 
  1921    26.5     27.1     28.3     27.8     27.9     27.3     26.9     26.6     27.0     26.7     27.0     26.5 
  1922    27.1     27.4     28.0     28.2     27.5     27.0     26.7     26.9     26.8     27.0     26.4     26.2 
  1923    26.7     27.9     26.6     28.3     27.8     26.5     26.4     26.3     26.3     26.9     26.8     26.4 
  1924    27.5     28.0     28.0     28.6     27.5     26.9     26.8     26.9     26.4     27.0     26.9     27.0 
  1925    25.9I    27.0     27.1     28.0     27.6     26.8     27.3     26.9     27.4     27.0     26.5     27.1 
  1926    27.0     28.0     28.6     29.1     27.7     27.3     27.0     27.5     27.0     27.4     26.9     27.3 
  1927    27.3     27.8     27.6     28.3     27.2     26.8     27.1     27.6     26.8     27.3     26.8     27.4 
  1928    27.6     27.7     28.9     28.2     28.5     27.6     27.2     26.7     27.3     26.3     27.0     26.8 
  1929    26.8     27.3     27.8     27.6     27.5     26.7     26.7     27.3     27.0     26.6     26.7     26.5 
  1930    27.0     27.7     28.1     28.3     27.1     26.8     27.3     27.1     26.5     26.3     27.0     27.1 
  1931    26.9     28.2     28.5     28.4     27.8     26.6     26.6     26.4     26.5     27.2     26.9     26.6 
  1932    27.0     27.1     27.5     27.8     27.1     27.3     27.1     26.7     26.8     26.4     26.2     26.3 
  1933    26.3     27.3     28.0     28.1     26.9     26.7     26.6     26.7     26.7     25.8     26.2     26.6 
  1934    26.1     27.0     26.7     27.5     27.9     26.6     27.1     27.3     27.1     26.4     26.5     26.7 
  1935    26.8     27.0     28.0     28.1     27.6     26.8     27.2     26.5     26.7     26.6     26.6     26.2 
  1936    26.0     28.0I    27.7     28.8     27.4     27.0     26.9     27.2     26.8     27.1     26.5     26.2 
  1937    26.8     27.7     28.0     27.7     -9.9M    -9.9M    26.7     27.4     26.8     27.1     26.6     25.9I
  1938    26.7     27.5     27.5     27.7     28.2     27.3     26.8     26.7     26.6     26.8     26.9     26.5 
  1939    26.0     27.0     28.1     27.7     27.6     26.9     26.6     26.7     26.9     26.3     26.2     26.5 
  1940    27.2     28.1     28.6     28.2     27.2I    27.1     27.3     27.0     27.4     26.8I    26.6     27.4I
  1941    27.3     28.1     28.5     28.9     28.2     27.5     27.7     27.2I    26.9     27.2     26.6     26.7 
  1942    27.5     27.9     28.0     27.7     28.0     26.9     26.7     26.7     26.8     26.3     26.4     26.5I
  1943    26.9     26.8     27.4     27.8     27.4     26.4     26.3     26.2     26.5     26.2     26.3     26.5 
  1944    26.7     26.9     27.3     28.1     26.9     27.2I    27.2     27.0     26.7     26.9     26.6     26.9 
  1945    26.9     27.6     27.4     27.9I    28.2     27.3     27.1I    27.1     27.2     26.5     26.9     26.3 
  1946    26.7     27.6     27.7     28.6     28.6     27.7     27.4     26.6     27.0     27.1     26.6     26.1 
  1947    26.7     27.5     28.0     27.8     28.4     27.2     27.2     26.4     26.6     25.9     27.0     26.5 
  1948    26.9     27.4     28.0     27.9     27.7     27.0     26.9     27.2     27.2     27.1     27.0     26.6 
  1949    26.9     27.1     28.8     27.7     27.8     26.9     26.8     27.1     27.0     26.5     27.0     26.1 
  1950    26.5     27.5     27.8     27.8     28.3     27.1     26.9     26.5     26.2     26.0     26.9     26.8 
  1951    26.1I    26.9I    27.7     28.0     27.8     26.5     26.4     27.9     27.4I    27.2     27.0     26.8 
  1952    26.7     28.0     28.4     28.1     27.6     27.2     27.2     26.9     27.1     26.4     26.5     26.8 
  1953    27.0     27.5     28.1     28.0     29.2     28.3     26.0     27.5     27.0     26.8     26.9     26.9 
  1954    27.2     27.6     28.0     28.1     27.6     27.7     27.2     26.6     27.2     26.4     26.9     26.5 
  1955    26.5     27.3     28.1     27.9     27.1     26.4     26.8     27.4     27.0     26.7     26.6     26.6 
  1956    26.8     27.2     27.9     28.1     27.6     26.7     27.0     26.7     26.3     26.4     27.1     26.8 
  1957    26.4     27.4     28.2     28.3     27.9     27.3     26.8     27.2     27.3     27.0     27.1     26.3 
  1958    27.5     27.8     28.3     28.8     28.0     27.2     27.7     26.8     27.5     26.6     26.9     27.2 
  1959    27.5     27.6     28.4     28.1     28.0     26.4     26.5     26.8     26.6     27.1     26.8     26.9 
  1960    27.2     26.8     27.9     28.0     27.3     27.3     26.7     27.2     26.6     27.2     26.3     27.1 
  1961    27.6     26.6I    28.2     28.3     27.6     27.1     26.9     26.8     26.5     26.8     27.1     27.0 
  1962    26.9     27.6     27.8     28.4I    27.8     27.6     27.3     26.9     26.7     26.6     27.4     27.5I
  1963    26.6     27.3     27.9     28.3     28.1     27.3     26.6     27.0     26.8     26.7I    26.9I    27.1 
  1964    27.5     27.6     28.0     28.7     27.9     27.3I    26.7     27.1     26.8     26.7     26.7     26.6 
  1965    27.0     27.1     27.8     28.0     27.1     27.3     27.5     26.4     27.1     27.3     27.3     26.8 
  1966    27.5I    28.2     28.3     28.0     28.4     27.2     27.4     27.4     26.8     27.0     27.1     27.0 
  1967    26.6     27.3     28.0     28.4     27.8     26.9     26.9     27.0     26.9     26.5     27.0     26.8 
  1968    27.0     27.5     27.7     28.0     28.0     26.8     26.3     27.1     26.5     27.1     27.1I    -9.9M
  1969    27.2     28.0     28.7     28.8     27.5     27.1     27.6     27.2     27.1     27.1     27.2     26.9 
  1970    27.1     27.3     28.4     28.3     27.9     27.5     26.8     26.9     26.9     26.7     27.3     26.5 
  1971    26.9     27.0     27.6     -9.9M    27.4     26.8     26.6     26.6     26.4     26.5     27.2     26.1 
  1972    27.1     27.5     28.4     28.2     27.2     27.8     27.6     27.0     27.2     27.5     27.7     27.5 
  1973    27.7     28.7     28.9     29.2     28.3     27.5     27.6     26.8     27.5     27.1     26.9     26.4I
  1974    26.5     27.2     28.3     27.8     27.3     27.1     26.5     26.9     26.3     26.8I    27.7     26.9 
  1975    26.4     27.7     27.6     28.2     27.6     27.1     27.3     27.0     26.9     26.5     26.3     26.8 
  1976    26.5     27.9     28.3     28.1     28.2     28.1     27.3     27.3     27.6     27.3     27.2     27.5 
  1977    27.5     27.6     28.4     28.9     27.6I    27.5     27.7     28.0I    28.1     27.3     27.5     27.7 
  1978    27.7     28.5     28.4     28.8     27.4I    27.2     26.6     26.4     26.7     27.2     -9.9M    27.3 
  1979    27.6     27.9I    28.3     28.6     28.2     27.7     27.3     27.7I    26.4     27.7     26.8     27.2 
  1980    27.4     28.8     28.6     28.3     28.8     27.8     27.3     27.0     27.6     27.1     27.2     27.1 
  1981    27.2     27.9     28.9     28.4     27.9     27.2     27.1     27.5I    26.8     26.9     27.1     27.0 
  1982    27.3I    29.0I    28.1     28.7     28.1     26.9     27.2     27.4I    27.4     27.2     27.0     26.9 
  1983    27.7     29.1     29.7     30.1     29.0     27.9     27.8I    27.8     26.7     27.9     27.3     27.0 
  1984    26.5     26.5     28.0     27.6     28.0     27.1     26.1     27.5     27.3     26.9     26.9I    27.1 
  1985    27.5     27.7     28.4     28.5     27.9     26.0     26.6     26.8     26.8     26.9     26.7     27.2 
  1986    26.7     27.8     27.4     28.6     28.0     28.0     27.5     26.8     26.5     27.1     27.2     27.4 
  1987    27.4     28.8     29.6     28.8     28.8     28.3     28.7I    26.8     28.2     27.7     27.5     28.2 
  1988    28.0     28.3     29.0     28.6     28.5     27.5     27.3     26.9     26.8     28.4     27.1I    27.3 
  1989    27.2     28.1     28.7     28.7     27.9I    26.4I    26.3I    27.1I    26.7I    27.2     28.0     27.9 
  1990    27.3     29.1     28.7I    28.7I    27.9     27.5     26.7     27.6     27.9     27.4     27.3     -9.9M
  1991    27.3     27.7     28.7     28.5     28.8     27.2     27.5     27.2     28.0     26.5     27.1     26.9 
  1992    27.0     28.4     29.8     29.2     28.0     27.3     26.7     27.2     26.8     -9.9M    26.7I    -9.9M
  1993    27.6I    28.4     28.3     28.9I    27.6     27.7     27.1     26.7     26.9     26.7     26.8     26.4 
  1994    26.5     27.3     27.6     27.9     27.7     27.5     26.9     27.0     26.9     26.6     26.7     26.9 
  1995    27.2     27.4     28.3     28.1     27.7     26.9     27.1     26.7     26.9I    27.0     26.8     26.7 
  1996    26.9     27.3     28.3     28.1     -9.9M    -9.9M    -9.9M    27.0     26.2     26.6     27.0     26.5 
  1997    27.2     28.0     28.2     28.4     28.0     27.8     27.0     27.5     27.0     27.5     27.5     27.3 
  1998    27.9     29.0     29.3     29.5     28.7     27.4     27.1     27.0     26.9     26.9     27.1     26.7 
  1999    26.7     27.4I    28.1     27.1     27.0     26.9     27.0     26.8I    27.1     26.3     27.0I    26.7 
  2000    26.9     27.4     27.9     28.2     28.0     27.0     27.6     26.6     26.8     26.9     27.2     26.7 
  2001    26.7     27.3I    28.7I    28.3     28.2     27.6     27.1     27.6     27.7     27.4     27.2     27.1 
  2002    27.2I    28.2I    28.7     28.5     27.9I    27.7     27.3     27.4     28.1I    27.1     27.3     26.7I
  2003    27.1     28.3I    28.2     28.5I    28.1     27.5     27.1     27.3     26.9I    27.1I    26.8     27.3 
  2004    28.1     28.1     28.4     28.3     27.4     27.2     26.8     27.1     26.6     26.8     27.0     26.6I
  2005    27.3I    28.0     28.7     28.3     28.5     27.5     27.2     27.5     27.0     27.0     26.6     26.7 
  2006    26.6     27.8     27.9     28.0     27.4I    27.2     27.1     26.7     27.1     27.3     27.2     26.6 
  2007    26.6     28.3     28.8     28.2     28.3     27.5     27.2     27.1     27.0     26.5     27.3     26.6 
  2008    26.7     27.5     27.5     27.3I    27.4     26.7     26.5     26.8     27.2     27.3     26.9     27.2 
  2009    27.2     28.0I    28.2     28.5     28.0     26.9     27.3     27.0     26.9     27.6     26.7     27.0 
  2010    27.1     28.2     29.2     28.6     27.9I    27.4     27.1     27.1     27.2     27.1     26.7     26.0 
  2011    25.8     27.1     -9.9M    -9.9M    -9.9M    -9.9M    -9.9M    -9.9M    -9.9M    -9.9M    -9.9M    -9.9M
 
 
 
 
