



                              STATION NAME : TRINCOMALEE             
                              LAT:  8.58N    LON: 81.25E    ELEV:   23.9M
                              ELEMENT : Temp mean mly    in Degrees C           
                              Missing data values are coded as -9.9M 
 
  YEAR     JAN      FEB      MAR      APR      MAY      JUN      JUL      AUG      SEP      OCT      NOV      DEC
 
  1869    26.0     26.7     -9.9M    -9.9M    -9.9M    30.2     29.4     28.4     28.3     28.3     25.9     26.1 
  1870    25.3     26.0     27.8     29.2I    30.1     29.1     28.3     -9.9M    -9.9M    26.8     26.5     26.4 
  1871    25.7     26.6     27.6     29.3     29.8     29.7     29.3     29.6     29.0     28.1     26.0     25.9I
  1872    25.9     26.3     27.9     29.1     30.4     29.6I    29.5     29.0     28.0     28.0     26.5     26.2 
  1873    26.0I    26.0     27.2     28.2     28.9     29.5     29.7     28.2     29.1     27.6     26.0     25.9 
  1874    25.9     26.5     27.2     28.8     29.0     29.1     28.8     29.0     28.0     27.7     26.4     25.3 
  1875    25.5     26.7     27.9     29.0     29.6     28.9     29.2     29.2     29.4     27.3     26.4     25.6 
  1876    25.6     26.3     28.0     29.6     29.5     29.8     30.0     28.5     28.8     27.9     26.4     25.6 
  1877    26.2     27.0     27.1     28.2     28.1     28.2I    29.0     28.9     26.8     -9.9M    -9.9M    -9.9M
  1879    -9.9M    -9.9M    27.2     29.4     29.0     29.4     28.5     28.0     27.7     26.8     26.3     25.6 
  1880    24.6     26.0     27.3     28.6     29.9     29.7     29.6     28.7     28.8     28.0     26.4     26.0 
  1881    25.6     26.6     27.8     29.9     30.5     30.1     29.7     29.1     29.0     28.5     26.3     26.0I
  1882    26.4     26.9     28.5     29.5     30.0     29.2     28.8     28.3     28.9     27.8     26.7     25.6 
  1883    25.8     26.3     27.7     29.4     29.1     28.6     28.7     28.6     29.0     27.5     25.7     25.3 
  1884    25.5I    26.4     27.8     29.2     29.6I    29.9     30.1     29.8     29.0     27.2     26.1     25.4 
  1885    25.9     27.0     27.6     28.8     29.9     27.7I    28.2I    -9.9M    -9.9M    27.0I    26.7I    26.6 
  1886    26.2     27.2     28.9     29.9     30.4     30.3     29.4I    28.7I    29.0     29.2     26.9     25.8 
  1887    26.2     26.6     28.0     29.3     30.9     30.3     30.3     30.0     29.8     28.0     26.9     25.9 
  1888    26.7     27.6     29.1     30.6     29.9     30.1     30.9     30.6     30.1     29.2     27.4     26.2 
  1889    26.6     27.9     29.5     30.5     31.3     31.2     30.8     30.4     28.9     28.7     27.5     26.5 
  1890    26.3     27.0     30.2     30.8     31.6     30.5     30.5     30.0     29.7     29.0     27.4     26.7 
  1891    27.0     27.0     28.5     30.0     30.7     30.1     30.7     31.1     31.1     27.7     27.5     26.8 
  1892    26.4     27.4     29.0     30.1     31.3     31.1     29.7     29.2     29.9     28.3     27.5     26.6 
  1893    26.7     27.7     27.9     29.7     29.9     30.2     29.2     30.6     30.2     28.7     27.0     26.5 
  1894    26.4     28.0     29.5     30.5     31.1     30.6     30.0     29.5     29.4     28.7     27.6     -9.9M
  1895    26.7I    27.1     27.8     28.8     30.3     30.2     29.3     29.1     29.1     27.6     27.0     25.8 
  1896    25.8     26.6     27.8     30.0     30.0I    29.7     29.3     29.2     29.2     27.9     27.0     26.1 
  1897    26.5     27.1     28.5     29.2     30.3     29.4     29.3     29.2     28.1     28.4     26.9     25.2 
  1898    25.5     26.6     27.6     29.4     30.1     29.8     29.6     29.4     29.0     27.9     26.3     25.8 
  1899    25.6     26.0     27.1     28.5     29.6     29.1     29.5     29.5     29.1     28.0     26.6     25.7 
  1900    26.3     27.2I    29.0     29.5     30.4     29.7     29.1     29.7     29.0     27.9     26.7     26.5 
  1901    26.7     27.7     27.4     29.1     29.7     29.3     29.4     29.8     29.4     28.5     26.7     26.0 
  1902    25.2     26.4     27.5     29.4     30.5     29.8     29.1I    29.3     29.5I    27.4     26.2     26.0 
  1903    26.7     27.2     27.8     29.7     29.5     29.9     29.0     28.8     28.3     27.7     26.7     25.6 
  1904    25.3     25.6     27.1     29.9     30.2     29.2     28.5     29.4     29.3     27.8     26.7     25.6 
  1905    25.6     26.5     28.6     28.0     29.1     29.4I    29.7     29.4     28.9     28.0     27.0     26.3 
  1906    26.2     27.8     29.1     30.0     30.4     29.8     29.7     28.1     28.8     27.4     26.7     26.2I
  1907    25.8     26.5     27.7     28.4     29.8     29.0     28.5     28.4     29.1     27.6     26.6     26.0 
  1908    26.1     26.2     27.3     29.5     29.7     29.2     29.5     29.5     28.4     27.8     26.3     25.7 
  1909    26.0     26.4     27.6     29.4     29.7     29.2     29.3     28.3     28.6     28.0     27.1     26.3 
  1910    26.3     26.7     27.6     29.7     30.7     29.7     28.6     28.3     28.5     28.1     25.9     24.8 
  1931    25.4     26.7     27.5     28.6     29.3     30.0     29.1     29.5     29.1     28.8     26.1     25.4I
  1932    25.5     25.9     27.0     28.6     28.8     29.4     29.5     28.4     28.7     26.9     26.0     25.2 
  1933    25.6     26.2     27.2     28.1     27.9     28.9     28.7     28.0     27.9     26.9     26.1     25.3 
  1934    24.9     25.4     26.6     28.6     29.8     29.3     29.5     29.9     29.7     27.6I    25.9     25.2 
  1935    25.5     26.1     27.2     28.7     30.2     30.0     30.0I    29.1     28.9     27.5     26.1I    25.2 
  1936    25.5     26.7I    27.3     29.4     29.7     29.6     29.7     29.3     28.5     27.5     26.3     25.6 
  1937    25.6     26.5     26.8     28.7     30.2     30.5     30.4     29.3     29.2     28.0     26.1     25.3 
  1938    26.1     26.2     27.1     28.1     30.1     29.6     29.4     28.9     29.1     28.4     25.8     25.5 
  1939    25.0     25.5     26.9     28.1     29.9     29.8     29.9     29.2     29.7     27.6     26.2     25.5 
  1940    25.3     25.9     27.7     28.4     29.2     29.9     29.9     30.1     29.6     27.6     26.5     25.9I
  1941    25.8     26.9     27.6I    29.2     29.8     30.2     30.3     30.5     28.9     27.9     26.5     25.9 
  1942    25.7     27.0     27.6     28.4I    30.1     30.1I    29.9     29.6     29.3     27.6     26.5     25.7 
  1943    25.6     25.9     27.2     28.4     28.3     29.2     29.2     29.5     29.8     27.2     25.9     25.8 
  1944    25.7     26.2     26.8     28.3     29.5     29.5     29.5     29.4     28.5I    27.4I    26.1     25.5I
  1945    25.2     25.8     26.8     28.3     30.8     30.3     29.8     29.6I    30.3     27.8     25.6     24.9 
  1946    24.9     26.3     26.8     28.8I    30.5     30.3I    29.9     29.7     28.9     27.4     26.3     25.6 
  1947    25.9     25.9     26.9     29.1     30.0     30.0I    29.4I    28.7I    29.0I    27.2I    -9.9M    25.0 
  1948    25.8     26.6     27.4     28.9     30.3     30.5     30.2     29.8     30.3     27.6     27.0     25.5 
  1949    25.4     25.7     27.6     28.5     29.4     29.8     29.3     28.8     29.5     28.2     26.1     25.4 
  1950    25.4     26.5     27.5     28.5     30.0     29.8     30.1     29.3     29.5     27.4     26.0     25.6 
  1951    25.3     25.2     27.2     28.5     29.8     29.7     29.3     29.7     28.9     28.4     26.5     25.9 
  1952    25.5     26.6     27.4     28.3     29.9     30.4     29.4     30.2     29.9     28.4     26.3     26.1 
  1953    25.5     26.4     27.7     28.4     31.4     30.6     28.7     29.4     28.9     27.5     26.2     25.8 
  1954    25.6     26.3     27.1     28.9     30.1     30.3     29.3     28.8     29.6     27.3     25.9     25.6 
  1955    26.1     26.4     28.2     28.6     29.2     29.3     29.5     28.5     28.5     28.6     26.5     25.6 
  1956    25.4I    25.9     27.9     30.1     31.4     29.6     29.5     29.3     29.5     27.6     26.9     26.1 
  1957    25.7I    26.2     27.5     28.9     29.7     29.7     30.1     30.0     30.3     28.2     26.7     26.0 
  1958    26.6     26.9     28.2     29.4     30.1     30.7     30.7     28.8     29.7     28.0     26.9     26.6 
  1959    26.6     27.5     25.4     29.2     30.2     29.5     30.3     30.4     29.9     28.7     26.5     26.1 
  1960    25.9     26.0     26.7     28.5     29.1     29.9     28.6     29.8     29.6     28.5     26.3     26.7 
  1961    25.4     26.4     28.0     29.5I    29.9     29.7     29.6     30.1     29.1     28.3     26.8     26.0I
  1962    25.3     26.7     27.5     29.3     30.0     30.3     30.4     29.8     29.6     27.7     26.6     25.9 
  1963    25.6I    26.4     27.4     28.6     30.1     30.1     29.5     29.8     29.5     27.7     26.6     26.2 
  1964    26.3     27.8     28.1     29.5     31.4     31.0     29.7     29.3     29.1     28.5     26.3     26.0 
  1965    26.3     26.6     27.4     28.2     29.4     30.7     30.7     28.7     29.9     27.9     27.2     26.5 
  1966    26.6     27.5     28.0     29.2     30.9     30.9     30.9     30.1     30.0     27.2     27.1     26.1 
  1967    25.5     26.3     27.9     28.9     30.6     30.5     30.0     30.2     29.9D    28.0     26.5     26.2 
  1968    26.1     27.3     27.6     28.5     30.6     30.7     30.4     30.7     29.8     28.7     26.5I    -9.9M
  1969    25.5     26.4     28.5     29.6     30.7D    31.3     30.5     29.9     30.5     27.5     26.8     26.2 
  1970    26.2     27.0     28.3     29.2     30.3     30.3     30.2     29.7     29.4     28.0     26.4     25.2 
  1971    25.4     26.5     27.8     29.0     30.3     29.9     29.4     28.6     28.7     28.2     26.1     24.8 
  1972    25.5     25.9     27.2     29.2     29.0     30.3     30.1     30.2     29.9     27.3     26.8     26.7 
  1973    26.7     27.8     28.5     30.1     31.2     30.2     30.0     29.1     29.5     28.3     26.6     25.3 
  1974    25.1     26.2     27.7     29.0     29.4     30.4     30.1     30.0     28.7     28.4     26.4     25.9 
  1975    25.3     26.7     27.5     29.3     30.8     30.1     29.5     29.6     28.9     28.7     26.8     25.0 
  1976    25.4     26.1     27.2     29.0     30.9     31.2     30.7     29.8     30.0I    28.2     27.3     26.2 
  1977    25.9     26.7     27.9     29.3     29.7I    30.2I    29.8     30.0I    30.0I    27.5     27.0     26.2 
  1978    26.3     27.2     27.9     29.6I    30.2     30.7     30.0I    30.1I    29.8     28.3     26.9     27.1 
  1979    26.9     27.6     28.1     30.2I    30.9     31.5I    30.6     30.4I    28.7     28.3     26.8     26.7 
  1980    27.0     27.5     28.4     29.5     31.1     31.4     31.3I    30.6I    30.6     28.7     27.4     26.2I
  1981    26.1I    26.9     28.9     29.6     30.3     30.3     29.5     30.1     28.7     28.8     27.2     26.3 
  1982    26.7     27.2     28.3     30.1I    30.5     30.5     30.9I    31.0     30.7I    28.1     26.9     26.5 
  1983    26.6     27.6I    28.9I    30.3     31.7     31.4I    30.8I    30.6     30.3I    29.1I    26.5I    25.9 
  1984    25.7     26.0     27.4     28.7     30.1I    30.1I    28.2I    29.4     28.1     27.9I    26.1     25.9 
  1985    26.6     26.8I    28.2I    30.1I    30.5I    29.7I    29.4I    29.6I    29.2I    28.8I    26.5     26.0I
  1986    25.6I    26.8I    27.5I    29.1I    30.4I    30.8I    30.2I    29.9I    29.8I    27.9     26.8     26.7 
  1987    26.4     26.4     28.4     29.9I    30.4I    -9.9M    31.7I    31.3I    30.8I    -9.9M    -9.9M    26.4 
  1988    26.9     -9.9M    -9.9M    -9.9M    31.3I    31.3     29.6I    29.3I    29.5I    29.2I    26.4     26.7I
  1989    26.7     26.9     27.7     30.1     31.6I    30.2     28.5I    29.7I    29.0I    28.5     27.0     26.7 
  1990    26.4     28.1     28.8     30.3     30.1I    -9.9M    -9.9M    29.6     29.5     28.2I    27.3     26.1I
  1991    26.5I    27.1     27.7     29.6     31.3     30.4     30.7     30.3     29.9     27.8     26.5     26.3 
  1992    26.6     26.9I    27.3     29.5     30.5     30.4     30.3     30.6     29.3     27.8     26.5     26.0 
  1993    26.7     27.3     27.9     29.0     30.2     30.6     29.8     30.6     30.1     28.2     26.3     25.5 
  1994    26.3     26.6     28.1     29.3     30.9     30.8     30.7     31.1     29.9     27.4     26.4     26.3 
  1995    26.5     27.1     28.5     29.0     30.5     31.1     30.7     30.3     30.0I    28.5     27.0I    26.7 
  1996    26.8     27.2     28.3     29.7     32.0     29.6     30.4     29.8     29.3     28.2     26.9     26.2 
  1997    26.3I    27.1I    27.6I    -9.9M    -9.9M    -9.9M    30.7     30.6     29.1     27.5     26.9     27.1 
  1998    27.4     28.4     29.0     30.5     30.9     31.7     30.5     30.2     30.1     29.4     28.1     26.5 
  1999    26.2     27.1     28.6     29.1     30.4     30.4     30.6I    30.8     30.7     27.5     26.9     26.1 
  2000    26.3     26.8     28.3     30.3     31.4     30.5     30.9     29.7     30.2     28.8     27.2     26.5 
  2001    26.3     26.7     29.0     28.7     31.7     29.9     30.6     30.4     30.2     28.8     27.5     26.6 
  2002    26.8     27.6     28.8     29.5     31.0     31.2     31.7     31.1     31.4     28.4     26.8     26.2 
  2003    26.4     27.3     28.4     29.5     30.6     31.4     30.4     30.7     30.8     29.2I    26.2     27.0 
  2004    27.1     27.4     28.8     30.2     29.8     30.9     30.2     30.6     28.9     27.6     26.7     26.2 
  2005    26.5     27.8     28.7     28.8     30.8     31.2     30.7     30.8     30.7     28.7     26.1     26.1 
  2006    25.8I    27.3     28.4     29.7I    30.6I    31.4     30.9     -9.9M    -9.9M    -9.9M    -9.9M    -9.9M
  2007    -9.9M    26.7     27.5     28.2     30.8     30.1     30.6     30.4     30.2     28.4     26.9     26.3 
  2008    26.3     27.1     27.4     28.9     31.1     30.5     30.4     29.2     30.4I    28.4     27.2     26.3 
  2009    26.4     27.1     27.7     29.3     30.3     30.8     31.0     30.3     30.6     29.5     27.0     26.2I
  2010    27.0     27.8     29.1     30.8     30.9     31.3     30.4     30.0     29.2     28.9     -9.9M    -9.9M
 
 
 
 
